	mean_fit_time	std_fit_time	mean_score_time	std_score_time	param_criterion	param_max_depth	param_max_features	param_min_samples_split	param_n_estimators	params	split0_test_score	split1_test_score	split2_test_score	split3_test_score	split4_test_score	split5_test_score	split6_test_score	split7_test_score	split8_test_score	split9_test_score	mean_test_score	std_test_score	rank_test_score	split0_train_score	split1_train_score	split2_train_score	split3_train_score	split4_train_score	split5_train_score	split6_train_score	split7_train_score	split8_train_score	split9_train_score	mean_train_score	std_train_score	Iteration
0	1.3239547252655028	0.03223293890563394	0.04610416889190674	0.0039415278064465755	gini	60		3	1700	{'criterion': 'gini', 'max_depth': 60, 'max_features': None, 'min_samples_split': 3, 'n_estimators': 1700}	1.0	1.0	1.0	1.0	1.0	1.0	1.0	1.0	1.0	1.0	1.0	0.0	1	1.0	1.0	1.0	1.0	1.0	1.0	1.0	1.0	1.0	1.0	1.0	0.0	0
1	1.4625303030014039	0.02620469140504801	0.052710676193237306	0.007367735980270499	gini	60		3	1850	{'criterion': 'gini', 'max_depth': 60, 'max_features': None, 'min_samples_split': 3, 'n_estimators': 1850}	1.0	1.0	1.0	1.0	1.0	1.0	1.0	1.0	1.0	1.0	1.0	0.0	1	1.0	1.0	1.0	1.0	1.0	1.0	1.0	1.0	1.0	1.0	1.0	0.0	0
2	1.578529691696167	0.027833799376775416	0.05367293357849121	0.004247287078521008	gini	60		3	2000	{'criterion': 'gini', 'max_depth': 60, 'max_features': None, 'min_samples_split': 3, 'n_estimators': 2000}	1.0	1.0	1.0	1.0	1.0	1.0	1.0	1.0	1.0	1.0	1.0	0.0	1	1.0	1.0	1.0	1.0	1.0	1.0	1.0	1.0	1.0	1.0	1.0	0.0	0
3	1.3414402961730958	0.04217131323344836	0.04917201995849609	0.004661741889698351	gini	60		2	1700	{'criterion': 'gini', 'max_depth': 60, 'max_features': None, 'min_samples_split': 2, 'n_estimators': 1700}	1.0	1.0	1.0	1.0	1.0	1.0	1.0	1.0	1.0	1.0	1.0	0.0	1	1.0	1.0	1.0	1.0	1.0	1.0	1.0	1.0	1.0	1.0	1.0	0.0	0
4	1.450589942932129	0.02275237106773459	0.049936747550964354	0.003856075484348737	gini	60		2	1850	{'criterion': 'gini', 'max_depth': 60, 'max_features': None, 'min_samples_split': 2, 'n_estimators': 1850}	1.0	1.0	1.0	1.0	1.0	1.0	1.0	1.0	1.0	1.0	1.0	0.0	1	1.0	1.0	1.0	1.0	1.0	1.0	1.0	1.0	1.0	1.0	1.0	0.0	0
5	1.571714162826538	0.03271113529601652	0.053176140785217284	0.005431651976422297	gini	60		2	2000	{'criterion': 'gini', 'max_depth': 60, 'max_features': None, 'min_samples_split': 2, 'n_estimators': 2000}	1.0	1.0	1.0	1.0	1.0	1.0	1.0	1.0	1.0	1.0	1.0	0.0	1	1.0	1.0	1.0	1.0	1.0	1.0	1.0	1.0	1.0	1.0	1.0	0.0	0
6	1.3364639043807984	0.030711978430084212	0.04867861270904541	0.0048457716508983895	gini	60		2	1700	{'criterion': 'gini', 'max_depth': 60, 'max_features': None, 'min_samples_split': 2, 'n_estimators': 1700}	1.0	1.0	1.0	1.0	1.0	1.0	1.0	1.0	1.0	1.0	1.0	0.0	1	1.0	1.0	1.0	1.0	1.0	1.0	1.0	1.0	1.0	1.0	1.0	0.0	0
7	1.4475801706314086	0.03759024313854005	0.05004570484161377	0.004600194815510458	gini	60		2	1850	{'criterion': 'gini', 'max_depth': 60, 'max_features': None, 'min_samples_split': 2, 'n_estimators': 1850}	1.0	1.0	1.0	1.0	1.0	1.0	1.0	1.0	1.0	1.0	1.0	0.0	1	1.0	1.0	1.0	1.0	1.0	1.0	1.0	1.0	1.0	1.0	1.0	0.0	0
8	1.6017483949661255	0.04668895109318874	0.05956323146820068	0.009183275333506996	gini	60		2	2000	{'criterion': 'gini', 'max_depth': 60, 'max_features': None, 'min_samples_split': 2, 'n_estimators': 2000}	1.0	1.0	1.0	1.0	1.0	1.0	1.0	1.0	1.0	1.0	1.0	0.0	1	1.0	1.0	1.0	1.0	1.0	1.0	1.0	1.0	1.0	1.0	1.0	0.0	0
9	1.375776720046997	0.08631528668986917	0.055794286727905276	0.013014382756361551	gini	60	0.25	3	1700	{'criterion': 'gini', 'max_depth': 60, 'max_features': 0.25, 'min_samples_split': 3, 'n_estimators': 1700}	1.0	1.0	1.0	1.0	1.0	1.0	1.0	1.0	1.0	1.0	1.0	0.0	1	1.0	1.0	1.0	1.0	1.0	1.0	1.0	1.0	1.0	1.0	1.0	0.0	0
10	1.648814868927002	0.09678275847748376	0.06384155750274659	0.0177124221419656	gini	60	0.25	3	1850	{'criterion': 'gini', 'max_depth': 60, 'max_features': 0.25, 'min_samples_split': 3, 'n_estimators': 1850}	1.0	1.0	1.0	1.0	1.0	1.0	1.0	1.0	1.0	1.0	1.0	0.0	1	1.0	1.0	1.0	1.0	1.0	1.0	1.0	1.0	1.0	1.0	1.0	0.0	0
11	1.7193363904953003	0.12991317743062275	0.05761423110961914	0.00804242867559786	gini	60	0.25	3	2000	{'criterion': 'gini', 'max_depth': 60, 'max_features': 0.25, 'min_samples_split': 3, 'n_estimators': 2000}	1.0	1.0	1.0	1.0	1.0	1.0	1.0	1.0	1.0	1.0	1.0	0.0	1	1.0	1.0	1.0	1.0	1.0	1.0	1.0	1.0	1.0	1.0	1.0	0.0	0
12	1.4657662153244018	0.04801920221177789	0.044565868377685544	0.004183267357743844	gini	60	0.25	2	1700	{'criterion': 'gini', 'max_depth': 60, 'max_features': 0.25, 'min_samples_split': 2, 'n_estimators': 1700}	1.0	1.0	1.0	1.0	1.0	1.0	1.0	1.0	1.0	1.0	1.0	0.0	1	1.0	1.0	1.0	1.0	1.0	1.0	1.0	1.0	1.0	1.0	1.0	0.0	0
13	1.5792081356048584	0.07280407665305508	0.051395845413208005	0.0064332883535164935	gini	60	0.25	2	1850	{'criterion': 'gini', 'max_depth': 60, 'max_features': 0.25, 'min_samples_split': 2, 'n_estimators': 1850}	1.0	1.0	1.0	1.0	1.0	1.0	1.0	1.0	1.0	1.0	1.0	0.0	1	1.0	1.0	1.0	1.0	1.0	1.0	1.0	1.0	1.0	1.0	1.0	0.0	0
14	1.592169165611267	0.08329349576367792	0.06000070571899414	0.0068805938007964465	gini	60	0.25	2	2000	{'criterion': 'gini', 'max_depth': 60, 'max_features': 0.25, 'min_samples_split': 2, 'n_estimators': 2000}	1.0	1.0	1.0	1.0	1.0	1.0	1.0	1.0	1.0	1.0	1.0	0.0	1	1.0	1.0	1.0	1.0	1.0	1.0	1.0	1.0	1.0	1.0	1.0	0.0	0
15	1.3667870998382567	0.023527057601055966	0.04865243434906006	0.004501803495594734	gini	60	0.25	2	1700	{'criterion': 'gini', 'max_depth': 60, 'max_features': 0.25, 'min_samples_split': 2, 'n_estimators': 1700}	1.0	1.0	1.0	1.0	1.0	1.0	1.0	1.0	1.0	1.0	1.0	0.0	1	1.0	1.0	1.0	1.0	1.0	1.0	1.0	1.0	1.0	1.0	1.0	0.0	0
16	1.4689265966415406	0.054252994388150816	0.05522966384887695	0.010630094622101066	gini	60	0.25	2	1850	{'criterion': 'gini', 'max_depth': 60, 'max_features': 0.25, 'min_samples_split': 2, 'n_estimators': 1850}	1.0	1.0	1.0	1.0	1.0	1.0	1.0	1.0	1.0	1.0	1.0	0.0	1	1.0	1.0	1.0	1.0	1.0	1.0	1.0	1.0	1.0	1.0	1.0	0.0	0
17	1.5805206060409547	0.03933105650138942	0.055140113830566405	0.005458290987913853	gini	60	0.25	2	2000	{'criterion': 'gini', 'max_depth': 60, 'max_features': 0.25, 'min_samples_split': 2, 'n_estimators': 2000}	1.0	1.0	1.0	1.0	1.0	1.0	1.0	1.0	1.0	1.0	1.0	0.0	1	1.0	1.0	1.0	1.0	1.0	1.0	1.0	1.0	1.0	1.0	1.0	0.0	0
18	1.3737072229385376	0.033631275975726266	0.045435619354248044	0.0029452567839405243	gini	35		3	1700	{'criterion': 'gini', 'max_depth': 35, 'max_features': None, 'min_samples_split': 3, 'n_estimators': 1700}	1.0	1.0	1.0	1.0	1.0	1.0	1.0	1.0	1.0	1.0	1.0	0.0	1	1.0	1.0	1.0	1.0	1.0	1.0	1.0	1.0	1.0	1.0	1.0	0.0	0
19	1.4942710399627686	0.038432870661994814	0.05563445091247558	0.006915433570712331	gini	35		3	1850	{'criterion': 'gini', 'max_depth': 35, 'max_features': None, 'min_samples_split': 3, 'n_estimators': 1850}	1.0	1.0	1.0	1.0	1.0	1.0	1.0	1.0	1.0	1.0	1.0	0.0	1	1.0	1.0	1.0	1.0	1.0	1.0	1.0	1.0	1.0	1.0	1.0	0.0	0
20	1.8153664112091064	0.08098472372755344	0.05694479942321777	0.008814546233788259	gini	35		3	2000	{'criterion': 'gini', 'max_depth': 35, 'max_features': None, 'min_samples_split': 3, 'n_estimators': 2000}	1.0	1.0	1.0	1.0	1.0	1.0	1.0	1.0	1.0	1.0	1.0	0.0	1	1.0	1.0	1.0	1.0	1.0	1.0	1.0	1.0	1.0	1.0	1.0	0.0	0
21	1.3496203899383545	0.024135291940260827	0.046588706970214847	0.004980484444358511	gini	35		2	1700	{'criterion': 'gini', 'max_depth': 35, 'max_features': None, 'min_samples_split': 2, 'n_estimators': 1700}	1.0	1.0	1.0	1.0	1.0	1.0	1.0	1.0	1.0	1.0	1.0	0.0	1	1.0	1.0	1.0	1.0	1.0	1.0	1.0	1.0	1.0	1.0	1.0	0.0	0
22	1.543712282180786	0.04561404949035618	0.051518797874450684	0.008579107888018597	gini	35		2	1850	{'criterion': 'gini', 'max_depth': 35, 'max_features': None, 'min_samples_split': 2, 'n_estimators': 1850}	1.0	1.0	1.0	1.0	1.0	1.0	1.0	1.0	1.0	1.0	1.0	0.0	1	1.0	1.0	1.0	1.0	1.0	1.0	1.0	1.0	1.0	1.0	1.0	0.0	0
23	1.6144279003143311	0.02770821599560035	0.05458190441131592	0.005207648380096787	gini	35		2	2000	{'criterion': 'gini', 'max_depth': 35, 'max_features': None, 'min_samples_split': 2, 'n_estimators': 2000}	1.0	1.0	1.0	1.0	1.0	1.0	1.0	1.0	1.0	1.0	1.0	0.0	1	1.0	1.0	1.0	1.0	1.0	1.0	1.0	1.0	1.0	1.0	1.0	0.0	0
24	1.3573130369186401	0.021927854458082697	0.04974131584167481	0.014277839908277275	gini	35		2	1700	{'criterion': 'gini', 'max_depth': 35, 'max_features': None, 'min_samples_split': 2, 'n_estimators': 1700}	1.0	1.0	1.0	1.0	1.0	1.0	1.0	1.0	1.0	1.0	1.0	0.0	1	1.0	1.0	1.0	1.0	1.0	1.0	1.0	1.0	1.0	1.0	1.0	0.0	0
25	1.481987714767456	0.03980438229549856	0.05309615135192871	0.004836126261070612	gini	35		2	1850	{'criterion': 'gini', 'max_depth': 35, 'max_features': None, 'min_samples_split': 2, 'n_estimators': 1850}	1.0	1.0	1.0	1.0	1.0	1.0	1.0	1.0	1.0	1.0	1.0	0.0	1	1.0	1.0	1.0	1.0	1.0	1.0	1.0	1.0	1.0	1.0	1.0	0.0	0
26	1.6122785329818725	0.032492273311251464	0.05658459663391113	0.006777496828810012	gini	35		2	2000	{'criterion': 'gini', 'max_depth': 35, 'max_features': None, 'min_samples_split': 2, 'n_estimators': 2000}	1.0	1.0	1.0	1.0	1.0	1.0	1.0	1.0	1.0	1.0	1.0	0.0	1	1.0	1.0	1.0	1.0	1.0	1.0	1.0	1.0	1.0	1.0	1.0	0.0	0
27	1.4236426830291748	0.06151137710610009	0.05315585136413574	0.012747899629221222	gini	35	0.25	3	1700	{'criterion': 'gini', 'max_depth': 35, 'max_features': 0.25, 'min_samples_split': 3, 'n_estimators': 1700}	1.0	1.0	1.0	1.0	1.0	1.0	1.0	1.0	1.0	1.0	1.0	0.0	1	1.0	1.0	1.0	1.0	1.0	1.0	1.0	1.0	1.0	1.0	1.0	0.0	0
28	1.5317251205444335	0.06378018276471546	0.05027248859405518	0.005019904070131437	gini	35	0.25	3	1850	{'criterion': 'gini', 'max_depth': 35, 'max_features': 0.25, 'min_samples_split': 3, 'n_estimators': 1850}	1.0	1.0	1.0	1.0	1.0	1.0	1.0	1.0	1.0	1.0	1.0	0.0	1	1.0	1.0	1.0	1.0	1.0	1.0	1.0	1.0	1.0	1.0	1.0	0.0	0
29	1.5601998090744018	0.015426567873973656	0.05615191459655762	0.003279384933103964	gini	35	0.25	3	2000	{'criterion': 'gini', 'max_depth': 35, 'max_features': 0.25, 'min_samples_split': 3, 'n_estimators': 2000}	1.0	1.0	1.0	1.0	1.0	1.0	1.0	1.0	1.0	1.0	1.0	0.0	1	1.0	1.0	1.0	1.0	1.0	1.0	1.0	1.0	1.0	1.0	1.0	0.0	0
30	1.3224222183227539	0.015248095394696693	0.04610996246337891	0.0003170312692044401	gini	35	0.25	2	1700	{'criterion': 'gini', 'max_depth': 35, 'max_features': 0.25, 'min_samples_split': 2, 'n_estimators': 1700}	1.0	1.0	1.0	1.0	1.0	1.0	1.0	1.0	1.0	1.0	1.0	0.0	1	1.0	1.0	1.0	1.0	1.0	1.0	1.0	1.0	1.0	1.0	1.0	0.0	0
31	1.4145719051361083	0.020957031443683414	0.055236434936523436	0.00958605979133067	gini	35	0.25	2	1850	{'criterion': 'gini', 'max_depth': 35, 'max_features': 0.25, 'min_samples_split': 2, 'n_estimators': 1850}	1.0	1.0	1.0	1.0	1.0	1.0	1.0	1.0	1.0	1.0	1.0	0.0	1	1.0	1.0	1.0	1.0	1.0	1.0	1.0	1.0	1.0	1.0	1.0	0.0	0
32	1.539711308479309	0.03558264613993497	0.0538482666015625	0.0027295756759765184	gini	35	0.25	2	2000	{'criterion': 'gini', 'max_depth': 35, 'max_features': 0.25, 'min_samples_split': 2, 'n_estimators': 2000}	1.0	1.0	1.0	1.0	1.0	1.0	1.0	1.0	1.0	1.0	1.0	0.0	1	1.0	1.0	1.0	1.0	1.0	1.0	1.0	1.0	1.0	1.0	1.0	0.0	0
33	1.2986141681671142	0.03305715192632174	0.047564458847045896	0.0052350718479103504	gini	35	0.25	2	1700	{'criterion': 'gini', 'max_depth': 35, 'max_features': 0.25, 'min_samples_split': 2, 'n_estimators': 1700}	1.0	1.0	1.0	1.0	1.0	1.0	1.0	1.0	1.0	1.0	1.0	0.0	1	1.0	1.0	1.0	1.0	1.0	1.0	1.0	1.0	1.0	1.0	1.0	0.0	0
34	1.4220446825027466	0.027521188988677184	0.05427460670471192	0.0042479415847342635	gini	35	0.25	2	1850	{'criterion': 'gini', 'max_depth': 35, 'max_features': 0.25, 'min_samples_split': 2, 'n_estimators': 1850}	1.0	1.0	1.0	1.0	1.0	1.0	1.0	1.0	1.0	1.0	1.0	0.0	1	1.0	1.0	1.0	1.0	1.0	1.0	1.0	1.0	1.0	1.0	1.0	0.0	0
35	1.6151952743530273	0.036101158384359566	0.05650284290313721	0.004724129732721588	gini	35	0.25	2	2000	{'criterion': 'gini', 'max_depth': 35, 'max_features': 0.25, 'min_samples_split': 2, 'n_estimators': 2000}	1.0	1.0	1.0	1.0	1.0	1.0	1.0	1.0	1.0	1.0	1.0	0.0	1	1.0	1.0	1.0	1.0	1.0	1.0	1.0	1.0	1.0	1.0	1.0	0.0	0
36	1.3367198944091796	0.02341317263298288	0.047293567657470705	0.00578438712392559	gini	10		3	1700	{'criterion': 'gini', 'max_depth': 10, 'max_features': None, 'min_samples_split': 3, 'n_estimators': 1700}	1.0	1.0	1.0	1.0	1.0	1.0	1.0	1.0	1.0	1.0	1.0	0.0	1	1.0	1.0	1.0	1.0	1.0	1.0	1.0	1.0	1.0	1.0	1.0	0.0	0
37	1.4697465181350708	0.0478606661454005	0.05291132926940918	0.009836081790116458	gini	10		3	1850	{'criterion': 'gini', 'max_depth': 10, 'max_features': None, 'min_samples_split': 3, 'n_estimators': 1850}	1.0	1.0	1.0	1.0	1.0	1.0	1.0	1.0	1.0	1.0	1.0	0.0	1	1.0	1.0	1.0	1.0	1.0	1.0	1.0	1.0	1.0	1.0	1.0	0.0	0
38	1.6084458351135253	0.03740108420294442	0.052321791648864746	0.0057013927871253575	gini	10		3	2000	{'criterion': 'gini', 'max_depth': 10, 'max_features': None, 'min_samples_split': 3, 'n_estimators': 2000}	1.0	1.0	1.0	1.0	1.0	1.0	1.0	1.0	1.0	1.0	1.0	0.0	1	1.0	1.0	1.0	1.0	1.0	1.0	1.0	1.0	1.0	1.0	1.0	0.0	0
39	1.3572980403900146	0.033954808254925285	0.04643228054046631	0.0033320853900656463	gini	10		2	1700	{'criterion': 'gini', 'max_depth': 10, 'max_features': None, 'min_samples_split': 2, 'n_estimators': 1700}	1.0	1.0	1.0	1.0	1.0	1.0	1.0	1.0	1.0	1.0	1.0	0.0	1	1.0	1.0	1.0	1.0	1.0	1.0	1.0	1.0	1.0	1.0	1.0	0.0	0
40	1.4705082416534423	0.018065314387656004	0.0507333517074585	0.005729077703861945	gini	10		2	1850	{'criterion': 'gini', 'max_depth': 10, 'max_features': None, 'min_samples_split': 2, 'n_estimators': 1850}	1.0	1.0	1.0	1.0	1.0	1.0	1.0	1.0	1.0	1.0	1.0	0.0	1	1.0	1.0	1.0	1.0	1.0	1.0	1.0	1.0	1.0	1.0	1.0	0.0	0
41	1.5769053459167481	0.05031472334579416	0.0520263671875	0.004567767484297432	gini	10		2	2000	{'criterion': 'gini', 'max_depth': 10, 'max_features': None, 'min_samples_split': 2, 'n_estimators': 2000}	1.0	1.0	1.0	1.0	1.0	1.0	1.0	1.0	1.0	1.0	1.0	0.0	1	1.0	1.0	1.0	1.0	1.0	1.0	1.0	1.0	1.0	1.0	1.0	0.0	0
42	1.3942260980606078	0.08183380509035411	0.054131174087524415	0.008659326832650421	gini	10		2	1700	{'criterion': 'gini', 'max_depth': 10, 'max_features': None, 'min_samples_split': 2, 'n_estimators': 1700}	1.0	1.0	1.0	1.0	1.0	1.0	1.0	1.0	1.0	1.0	1.0	0.0	1	1.0	1.0	1.0	1.0	1.0	1.0	1.0	1.0	1.0	1.0	1.0	0.0	0
43	1.4928494453430177	0.057206058819314176	0.05094554424285889	0.0050765600443053015	gini	10		2	1850	{'criterion': 'gini', 'max_depth': 10, 'max_features': None, 'min_samples_split': 2, 'n_estimators': 1850}	1.0	1.0	1.0	1.0	1.0	1.0	1.0	1.0	1.0	1.0	1.0	0.0	1	1.0	1.0	1.0	1.0	1.0	1.0	1.0	1.0	1.0	1.0	1.0	0.0	0
44	1.5563444375991822	0.03280667606778865	0.05541770458221436	0.00510388441593591	gini	10		2	2000	{'criterion': 'gini', 'max_depth': 10, 'max_features': None, 'min_samples_split': 2, 'n_estimators': 2000}	1.0	1.0	1.0	1.0	1.0	1.0	1.0	1.0	1.0	1.0	1.0	0.0	1	1.0	1.0	1.0	1.0	1.0	1.0	1.0	1.0	1.0	1.0	1.0	0.0	0
45	1.334324336051941	0.033277581926029316	0.04733207225799561	0.01143412716461546	gini	10	0.25	3	1700	{'criterion': 'gini', 'max_depth': 10, 'max_features': 0.25, 'min_samples_split': 3, 'n_estimators': 1700}	1.0	1.0	1.0	1.0	1.0	1.0	1.0	1.0	1.0	1.0	1.0	0.0	1	1.0	1.0	1.0	1.0	1.0	1.0	1.0	1.0	1.0	1.0	1.0	0.0	0
46	1.4509650945663453	0.049529130020968586	0.049718260765075684	0.0032686721905743265	gini	10	0.25	3	1850	{'criterion': 'gini', 'max_depth': 10, 'max_features': 0.25, 'min_samples_split': 3, 'n_estimators': 1850}	1.0	1.0	1.0	1.0	1.0	1.0	1.0	1.0	1.0	1.0	1.0	0.0	1	1.0	1.0	1.0	1.0	1.0	1.0	1.0	1.0	1.0	1.0	1.0	0.0	0
47	1.5486286878585815	0.04460995298391143	0.05444357395172119	0.0035045966750056586	gini	10	0.25	3	2000	{'criterion': 'gini', 'max_depth': 10, 'max_features': 0.25, 'min_samples_split': 3, 'n_estimators': 2000}	1.0	1.0	1.0	1.0	1.0	1.0	1.0	1.0	1.0	1.0	1.0	0.0	1	1.0	1.0	1.0	1.0	1.0	1.0	1.0	1.0	1.0	1.0	1.0	0.0	0
48	1.3112134695053101	0.03274767812076155	0.04630467891693115	0.002008491803201672	gini	10	0.25	2	1700	{'criterion': 'gini', 'max_depth': 10, 'max_features': 0.25, 'min_samples_split': 2, 'n_estimators': 1700}	1.0	1.0	1.0	1.0	1.0	1.0	1.0	1.0	1.0	1.0	1.0	0.0	1	1.0	1.0	1.0	1.0	1.0	1.0	1.0	1.0	1.0	1.0	1.0	0.0	0
49	1.4116889476776122	0.03955249598280948	0.05327441692352295	0.003897853352653528	gini	10	0.25	2	1850	{'criterion': 'gini', 'max_depth': 10, 'max_features': 0.25, 'min_samples_split': 2, 'n_estimators': 1850}	1.0	1.0	1.0	1.0	1.0	1.0	1.0	1.0	1.0	1.0	1.0	0.0	1	1.0	1.0	1.0	1.0	1.0	1.0	1.0	1.0	1.0	1.0	1.0	0.0	0
50	1.5271170377731322	0.03514375181055961	0.05849637985229492	0.01229665600763626	gini	10	0.25	2	2000	{'criterion': 'gini', 'max_depth': 10, 'max_features': 0.25, 'min_samples_split': 2, 'n_estimators': 2000}	1.0	1.0	1.0	1.0	1.0	1.0	1.0	1.0	1.0	1.0	1.0	0.0	1	1.0	1.0	1.0	1.0	1.0	1.0	1.0	1.0	1.0	1.0	1.0	0.0	0
51	1.3031949043273925	0.059925625453574834	0.04708874225616455	0.004375623502822991	gini	10	0.25	2	1700	{'criterion': 'gini', 'max_depth': 10, 'max_features': 0.25, 'min_samples_split': 2, 'n_estimators': 1700}	1.0	1.0	1.0	1.0	1.0	1.0	1.0	1.0	1.0	1.0	1.0	0.0	1	1.0	1.0	1.0	1.0	1.0	1.0	1.0	1.0	1.0	1.0	1.0	0.0	0
52	1.4203197717666627	0.03188339048555778	0.049657011032104494	0.0029792241607899416	gini	10	0.25	2	1850	{'criterion': 'gini', 'max_depth': 10, 'max_features': 0.25, 'min_samples_split': 2, 'n_estimators': 1850}	1.0	1.0	1.0	1.0	1.0	1.0	1.0	1.0	1.0	1.0	1.0	0.0	1	1.0	1.0	1.0	1.0	1.0	1.0	1.0	1.0	1.0	1.0	1.0	0.0	0
53	1.4691943645477294	0.07774227596164357	0.04791746139526367	0.003940559954166895	gini	10	0.25	2	2000	{'criterion': 'gini', 'max_depth': 10, 'max_features': 0.25, 'min_samples_split': 2, 'n_estimators': 2000}	1.0	1.0	1.0	1.0	1.0	1.0	1.0	1.0	1.0	1.0	1.0	0.0	1	1.0	1.0	1.0	1.0	1.0	1.0	1.0	1.0	1.0	1.0	1.0	0.0	0
0	1.3393217086791993	0.0396867898085966	0.04629638195037842	0.004979954652408623	gini	60		3	1700	{'criterion': 'gini', 'max_depth': 60, 'max_features': None, 'min_samples_split': 3, 'n_estimators': 1700}	1.0	1.0	1.0	1.0	1.0	1.0	1.0	1.0	1.0	1.0	1.0	0.0	1	1.0	1.0	1.0	1.0	1.0	1.0	1.0	1.0	1.0	1.0	1.0	0.0	1
1	1.5144630670547485	0.03508777802671768	0.05314157009124756	0.0035960655640612012	gini	60		3	1850	{'criterion': 'gini', 'max_depth': 60, 'max_features': None, 'min_samples_split': 3, 'n_estimators': 1850}	1.0	1.0	1.0	1.0	1.0	1.0	1.0	1.0	1.0	1.0	1.0	0.0	1	1.0	1.0	1.0	1.0	1.0	1.0	1.0	1.0	1.0	1.0	1.0	0.0	1
2	1.6155490398406982	0.02352613321085236	0.05348649024963379	0.006745540946231431	gini	60		3	2000	{'criterion': 'gini', 'max_depth': 60, 'max_features': None, 'min_samples_split': 3, 'n_estimators': 2000}	1.0	1.0	1.0	1.0	1.0	1.0	1.0	1.0	1.0	1.0	1.0	0.0	1	1.0	1.0	1.0	1.0	1.0	1.0	1.0	1.0	1.0	1.0	1.0	0.0	1
3	1.3452840566635131	0.0329245883736554	0.04444882869720459	0.004000454886184851	gini	60		2	1700	{'criterion': 'gini', 'max_depth': 60, 'max_features': None, 'min_samples_split': 2, 'n_estimators': 1700}	1.0	1.0	1.0	1.0	1.0	1.0	1.0	1.0	1.0	1.0	1.0	0.0	1	1.0	1.0	1.0	1.0	1.0	1.0	1.0	1.0	1.0	1.0	1.0	0.0	1
4	1.4812798976898194	0.02806958439957313	0.048363018035888675	0.005845798432284368	gini	60		2	1850	{'criterion': 'gini', 'max_depth': 60, 'max_features': None, 'min_samples_split': 2, 'n_estimators': 1850}	1.0	1.0	1.0	1.0	1.0	1.0	1.0	1.0	1.0	1.0	1.0	0.0	1	1.0	1.0	1.0	1.0	1.0	1.0	1.0	1.0	1.0	1.0	1.0	0.0	1
5	1.5917984008789063	0.06248671999488025	0.05370032787322998	0.005844891682494942	gini	60		2	2000	{'criterion': 'gini', 'max_depth': 60, 'max_features': None, 'min_samples_split': 2, 'n_estimators': 2000}	1.0	1.0	1.0	1.0	1.0	1.0	1.0	1.0	1.0	1.0	1.0	0.0	1	1.0	1.0	1.0	1.0	1.0	1.0	1.0	1.0	1.0	1.0	1.0	0.0	1
6	1.3741142749786377	0.05172680276494883	0.04990153312683106	0.009713080526304896	gini	60		2	1700	{'criterion': 'gini', 'max_depth': 60, 'max_features': None, 'min_samples_split': 2, 'n_estimators': 1700}	1.0	1.0	1.0	1.0	1.0	1.0	1.0	1.0	1.0	1.0	1.0	0.0	1	1.0	1.0	1.0	1.0	1.0	1.0	1.0	1.0	1.0	1.0	1.0	0.0	1
7	1.4973870754241942	0.04754677070905273	0.05121259689331055	0.0056595337890177405	gini	60		2	1850	{'criterion': 'gini', 'max_depth': 60, 'max_features': None, 'min_samples_split': 2, 'n_estimators': 1850}	1.0	1.0	1.0	1.0	1.0	1.0	1.0	1.0	1.0	1.0	1.0	0.0	1	1.0	1.0	1.0	1.0	1.0	1.0	1.0	1.0	1.0	1.0	1.0	0.0	1
8	1.6352572441101074	0.04920364658175337	0.06011030673980713	0.01759685636308194	gini	60		2	2000	{'criterion': 'gini', 'max_depth': 60, 'max_features': None, 'min_samples_split': 2, 'n_estimators': 2000}	1.0	1.0	1.0	1.0	1.0	1.0	1.0	1.0	1.0	1.0	1.0	0.0	1	1.0	1.0	1.0	1.0	1.0	1.0	1.0	1.0	1.0	1.0	1.0	0.0	1
9	1.332377815246582	0.042115660757780726	0.04585587978363037	0.005975170236470012	gini	60	0.25	3	1700	{'criterion': 'gini', 'max_depth': 60, 'max_features': 0.25, 'min_samples_split': 3, 'n_estimators': 1700}	1.0	1.0	1.0	1.0	1.0	1.0	1.0	1.0	1.0	1.0	1.0	0.0	1	1.0	1.0	1.0	1.0	1.0	1.0	1.0	1.0	1.0	1.0	1.0	0.0	1
10	1.4496435165405273	0.03173235918419117	0.052953124046325684	0.00790551010348651	gini	60	0.25	3	1850	{'criterion': 'gini', 'max_depth': 60, 'max_features': 0.25, 'min_samples_split': 3, 'n_estimators': 1850}	1.0	1.0	1.0	1.0	1.0	1.0	1.0	1.0	1.0	1.0	1.0	0.0	1	1.0	1.0	1.0	1.0	1.0	1.0	1.0	1.0	1.0	1.0	1.0	0.0	1
11	1.5502451419830323	0.050869813006664426	0.05807228088378906	0.006105060612632355	gini	60	0.25	3	2000	{'criterion': 'gini', 'max_depth': 60, 'max_features': 0.25, 'min_samples_split': 3, 'n_estimators': 2000}	1.0	1.0	1.0	1.0	1.0	1.0	1.0	1.0	1.0	1.0	1.0	0.0	1	1.0	1.0	1.0	1.0	1.0	1.0	1.0	1.0	1.0	1.0	1.0	0.0	1
12	1.3161186218261718	0.032365043272078294	0.04593992233276367	0.0060874665833547245	gini	60	0.25	2	1700	{'criterion': 'gini', 'max_depth': 60, 'max_features': 0.25, 'min_samples_split': 2, 'n_estimators': 1700}	1.0	1.0	1.0	1.0	1.0	1.0	1.0	1.0	1.0	1.0	1.0	0.0	1	1.0	1.0	1.0	1.0	1.0	1.0	1.0	1.0	1.0	1.0	1.0	0.0	1
13	1.435340166091919	0.08955903942419294	0.04939239025115967	0.004520727856890599	gini	60	0.25	2	1850	{'criterion': 'gini', 'max_depth': 60, 'max_features': 0.25, 'min_samples_split': 2, 'n_estimators': 1850}	1.0	1.0	1.0	1.0	1.0	1.0	1.0	1.0	1.0	1.0	1.0	0.0	1	1.0	1.0	1.0	1.0	1.0	1.0	1.0	1.0	1.0	1.0	1.0	0.0	1
14	1.56614248752594	0.04388427460924306	0.05283298492431641	0.004533308355308306	gini	60	0.25	2	2000	{'criterion': 'gini', 'max_depth': 60, 'max_features': 0.25, 'min_samples_split': 2, 'n_estimators': 2000}	1.0	1.0	1.0	1.0	1.0	1.0	1.0	1.0	1.0	1.0	1.0	0.0	1	1.0	1.0	1.0	1.0	1.0	1.0	1.0	1.0	1.0	1.0	1.0	0.0	1
15	1.3244290828704834	0.04046428861111818	0.047994470596313475	0.005545531637969718	gini	60	0.25	2	1700	{'criterion': 'gini', 'max_depth': 60, 'max_features': 0.25, 'min_samples_split': 2, 'n_estimators': 1700}	1.0	1.0	1.0	1.0	1.0	1.0	1.0	1.0	1.0	1.0	1.0	0.0	1	1.0	1.0	1.0	1.0	1.0	1.0	1.0	1.0	1.0	1.0	1.0	0.0	1
16	1.4354306697845458	0.02832706786918988	0.04936060905456543	0.004787669445142818	gini	60	0.25	2	1850	{'criterion': 'gini', 'max_depth': 60, 'max_features': 0.25, 'min_samples_split': 2, 'n_estimators': 1850}	1.0	1.0	1.0	1.0	1.0	1.0	1.0	1.0	1.0	1.0	1.0	0.0	1	1.0	1.0	1.0	1.0	1.0	1.0	1.0	1.0	1.0	1.0	1.0	0.0	1
17	1.5308604478836059	0.03590732316895398	0.05575041770935059	0.005357930348209139	gini	60	0.25	2	2000	{'criterion': 'gini', 'max_depth': 60, 'max_features': 0.25, 'min_samples_split': 2, 'n_estimators': 2000}	1.0	1.0	1.0	1.0	1.0	1.0	1.0	1.0	1.0	1.0	1.0	0.0	1	1.0	1.0	1.0	1.0	1.0	1.0	1.0	1.0	1.0	1.0	1.0	0.0	1
18	1.3677877902984619	0.03828853597677914	0.04812471866607666	0.006886732888248023	gini	35		3	1700	{'criterion': 'gini', 'max_depth': 35, 'max_features': None, 'min_samples_split': 3, 'n_estimators': 1700}	1.0	1.0	1.0	1.0	1.0	1.0	1.0	1.0	1.0	1.0	1.0	0.0	1	1.0	1.0	1.0	1.0	1.0	1.0	1.0	1.0	1.0	1.0	1.0	0.0	1
19	1.4849962711334228	0.08391784185448337	0.05096936225891113	0.007218373662041738	gini	35		3	1850	{'criterion': 'gini', 'max_depth': 35, 'max_features': None, 'min_samples_split': 3, 'n_estimators': 1850}	1.0	1.0	1.0	1.0	1.0	1.0	1.0	1.0	1.0	1.0	1.0	0.0	1	1.0	1.0	1.0	1.0	1.0	1.0	1.0	1.0	1.0	1.0	1.0	0.0	1
20	1.5829490184783936	0.03750760076784445	0.056581854820251465	0.006534821608370194	gini	35		3	2000	{'criterion': 'gini', 'max_depth': 35, 'max_features': None, 'min_samples_split': 3, 'n_estimators': 2000}	1.0	1.0	1.0	1.0	1.0	1.0	1.0	1.0	1.0	1.0	1.0	0.0	1	1.0	1.0	1.0	1.0	1.0	1.0	1.0	1.0	1.0	1.0	1.0	0.0	1
21	1.3678171157836914	0.061732333731662	0.04454357624053955	0.004782112463695873	gini	35		2	1700	{'criterion': 'gini', 'max_depth': 35, 'max_features': None, 'min_samples_split': 2, 'n_estimators': 1700}	1.0	1.0	1.0	1.0	1.0	1.0	1.0	1.0	1.0	1.0	1.0	0.0	1	1.0	1.0	1.0	1.0	1.0	1.0	1.0	1.0	1.0	1.0	1.0	0.0	1
22	1.4641358613967896	0.02739774935295162	0.052467060089111325	0.004062371332099553	gini	35		2	1850	{'criterion': 'gini', 'max_depth': 35, 'max_features': None, 'min_samples_split': 2, 'n_estimators': 1850}	1.0	1.0	1.0	1.0	1.0	1.0	1.0	1.0	1.0	1.0	1.0	0.0	1	1.0	1.0	1.0	1.0	1.0	1.0	1.0	1.0	1.0	1.0	1.0	0.0	1
23	1.572546362876892	0.033230755350033406	0.054871654510498045	0.005047373754727211	gini	35		2	2000	{'criterion': 'gini', 'max_depth': 35, 'max_features': None, 'min_samples_split': 2, 'n_estimators': 2000}	1.0	1.0	1.0	1.0	1.0	1.0	1.0	1.0	1.0	1.0	1.0	0.0	1	1.0	1.0	1.0	1.0	1.0	1.0	1.0	1.0	1.0	1.0	1.0	0.0	1
24	1.3452223062515258	0.022938079952304416	0.04857449531555176	0.004857035363340039	gini	35		2	1700	{'criterion': 'gini', 'max_depth': 35, 'max_features': None, 'min_samples_split': 2, 'n_estimators': 1700}	1.0	1.0	1.0	1.0	1.0	1.0	1.0	1.0	1.0	1.0	1.0	0.0	1	1.0	1.0	1.0	1.0	1.0	1.0	1.0	1.0	1.0	1.0	1.0	0.0	1
25	1.4764318227767945	0.04000701364317296	0.052379703521728514	0.0064371766812948055	gini	35		2	1850	{'criterion': 'gini', 'max_depth': 35, 'max_features': None, 'min_samples_split': 2, 'n_estimators': 1850}	1.0	1.0	1.0	1.0	1.0	1.0	1.0	1.0	1.0	1.0	1.0	0.0	1	1.0	1.0	1.0	1.0	1.0	1.0	1.0	1.0	1.0	1.0	1.0	0.0	1
26	1.5688871145248413	0.042200233558934847	0.05056166648864746	0.0034251667652594746	gini	35		2	2000	{'criterion': 'gini', 'max_depth': 35, 'max_features': None, 'min_samples_split': 2, 'n_estimators': 2000}	1.0	1.0	1.0	1.0	1.0	1.0	1.0	1.0	1.0	1.0	1.0	0.0	1	1.0	1.0	1.0	1.0	1.0	1.0	1.0	1.0	1.0	1.0	1.0	0.0	1
27	1.3058841943740844	0.03418148741509956	0.04597759246826172	0.006475940826617683	gini	35	0.25	3	1700	{'criterion': 'gini', 'max_depth': 35, 'max_features': 0.25, 'min_samples_split': 3, 'n_estimators': 1700}	1.0	1.0	1.0	1.0	1.0	1.0	1.0	1.0	1.0	1.0	1.0	0.0	1	1.0	1.0	1.0	1.0	1.0	1.0	1.0	1.0	1.0	1.0	1.0	0.0	1
28	1.4139057397842407	0.06479050773967643	0.05195398330688476	0.005028101730846798	gini	35	0.25	3	1850	{'criterion': 'gini', 'max_depth': 35, 'max_features': 0.25, 'min_samples_split': 3, 'n_estimators': 1850}	1.0	1.0	1.0	1.0	1.0	1.0	1.0	1.0	1.0	1.0	1.0	0.0	1	1.0	1.0	1.0	1.0	1.0	1.0	1.0	1.0	1.0	1.0	1.0	0.0	1
29	1.5286531925201416	0.03439544348524294	0.05281693935394287	0.003736352170881483	gini	35	0.25	3	2000	{'criterion': 'gini', 'max_depth': 35, 'max_features': 0.25, 'min_samples_split': 3, 'n_estimators': 2000}	1.0	1.0	1.0	1.0	1.0	1.0	1.0	1.0	1.0	1.0	1.0	0.0	1	1.0	1.0	1.0	1.0	1.0	1.0	1.0	1.0	1.0	1.0	1.0	0.0	1
30	1.3065672397613526	0.03760265338347956	0.043097925186157224	0.003768165728759807	gini	35	0.25	2	1700	{'criterion': 'gini', 'max_depth': 35, 'max_features': 0.25, 'min_samples_split': 2, 'n_estimators': 1700}	1.0	1.0	1.0	1.0	1.0	1.0	1.0	1.0	1.0	1.0	1.0	0.0	1	1.0	1.0	1.0	1.0	1.0	1.0	1.0	1.0	1.0	1.0	1.0	0.0	1
31	1.4199279308319093	0.056972255726421804	0.05638158321380615	0.022453267015909537	gini	35	0.25	2	1850	{'criterion': 'gini', 'max_depth': 35, 'max_features': 0.25, 'min_samples_split': 2, 'n_estimators': 1850}	1.0	1.0	1.0	1.0	1.0	1.0	1.0	1.0	1.0	1.0	1.0	0.0	1	1.0	1.0	1.0	1.0	1.0	1.0	1.0	1.0	1.0	1.0	1.0	0.0	1
32	1.5436235427856446	0.06696954999781636	0.052903389930725096	0.0036002509451137986	gini	35	0.25	2	2000	{'criterion': 'gini', 'max_depth': 35, 'max_features': 0.25, 'min_samples_split': 2, 'n_estimators': 2000}	1.0	1.0	1.0	1.0	1.0	1.0	1.0	1.0	1.0	1.0	1.0	0.0	1	1.0	1.0	1.0	1.0	1.0	1.0	1.0	1.0	1.0	1.0	1.0	0.0	1
33	1.3039072275161743	0.023272791267644165	0.046444249153137204	0.0014704402421676032	gini	35	0.25	2	1700	{'criterion': 'gini', 'max_depth': 35, 'max_features': 0.25, 'min_samples_split': 2, 'n_estimators': 1700}	1.0	1.0	1.0	1.0	1.0	1.0	1.0	1.0	1.0	1.0	1.0	0.0	1	1.0	1.0	1.0	1.0	1.0	1.0	1.0	1.0	1.0	1.0	1.0	0.0	1
34	1.425412392616272	0.027620185695040995	0.04913418292999268	0.0026907554145396847	gini	35	0.25	2	1850	{'criterion': 'gini', 'max_depth': 35, 'max_features': 0.25, 'min_samples_split': 2, 'n_estimators': 1850}	1.0	1.0	1.0	1.0	1.0	1.0	1.0	1.0	1.0	1.0	1.0	0.0	1	1.0	1.0	1.0	1.0	1.0	1.0	1.0	1.0	1.0	1.0	1.0	0.0	1
35	1.5645894050598144	0.03741527073638431	0.05577962398529053	0.0059919060262930875	gini	35	0.25	2	2000	{'criterion': 'gini', 'max_depth': 35, 'max_features': 0.25, 'min_samples_split': 2, 'n_estimators': 2000}	1.0	1.0	1.0	1.0	1.0	1.0	1.0	1.0	1.0	1.0	1.0	0.0	1	1.0	1.0	1.0	1.0	1.0	1.0	1.0	1.0	1.0	1.0	1.0	0.0	1
36	1.367431354522705	0.07083294878281948	0.046140003204345706	0.0023115711149866718	gini	10		3	1700	{'criterion': 'gini', 'max_depth': 10, 'max_features': None, 'min_samples_split': 3, 'n_estimators': 1700}	1.0	1.0	1.0	1.0	1.0	1.0	1.0	1.0	1.0	1.0	1.0	0.0	1	1.0	1.0	1.0	1.0	1.0	1.0	1.0	1.0	1.0	1.0	1.0	0.0	1
37	1.458994460105896	0.024083353406435665	0.049973034858703615	0.0020879576356507674	gini	10		3	1850	{'criterion': 'gini', 'max_depth': 10, 'max_features': None, 'min_samples_split': 3, 'n_estimators': 1850}	1.0	1.0	1.0	1.0	1.0	1.0	1.0	1.0	1.0	1.0	1.0	0.0	1	1.0	1.0	1.0	1.0	1.0	1.0	1.0	1.0	1.0	1.0	1.0	0.0	1
38	1.5780200481414794	0.038087721362109105	0.05628209114074707	0.005564279156845834	gini	10		3	2000	{'criterion': 'gini', 'max_depth': 10, 'max_features': None, 'min_samples_split': 3, 'n_estimators': 2000}	1.0	1.0	1.0	1.0	1.0	1.0	1.0	1.0	1.0	1.0	1.0	0.0	1	1.0	1.0	1.0	1.0	1.0	1.0	1.0	1.0	1.0	1.0	1.0	0.0	1
39	1.3318740129470825	0.053861505657416424	0.04696333408355713	0.0058429123311124894	gini	10		2	1700	{'criterion': 'gini', 'max_depth': 10, 'max_features': None, 'min_samples_split': 2, 'n_estimators': 1700}	1.0	1.0	1.0	1.0	1.0	1.0	1.0	1.0	1.0	1.0	1.0	0.0	1	1.0	1.0	1.0	1.0	1.0	1.0	1.0	1.0	1.0	1.0	1.0	0.0	1
40	1.4375223636627197	0.07466254997669312	0.052309727668762206	0.012030604888959576	gini	10		2	1850	{'criterion': 'gini', 'max_depth': 10, 'max_features': None, 'min_samples_split': 2, 'n_estimators': 1850}	1.0	1.0	1.0	1.0	1.0	1.0	1.0	1.0	1.0	1.0	1.0	0.0	1	1.0	1.0	1.0	1.0	1.0	1.0	1.0	1.0	1.0	1.0	1.0	0.0	1
41	1.6011394023895265	0.0998603627176402	0.05507869720458984	0.007118495411087041	gini	10		2	2000	{'criterion': 'gini', 'max_depth': 10, 'max_features': None, 'min_samples_split': 2, 'n_estimators': 2000}	1.0	1.0	1.0	1.0	1.0	1.0	1.0	1.0	1.0	1.0	1.0	0.0	1	1.0	1.0	1.0	1.0	1.0	1.0	1.0	1.0	1.0	1.0	1.0	0.0	1
42	1.3431199789047241	0.07240488839869753	0.04654216766357422	0.005396301443454476	gini	10		2	1700	{'criterion': 'gini', 'max_depth': 10, 'max_features': None, 'min_samples_split': 2, 'n_estimators': 1700}	1.0	1.0	1.0	1.0	1.0	1.0	1.0	1.0	1.0	1.0	1.0	0.0	1	1.0	1.0	1.0	1.0	1.0	1.0	1.0	1.0	1.0	1.0	1.0	0.0	1
43	1.4804463863372803	0.05971693918756397	0.052278447151184085	0.00714207442349363	gini	10		2	1850	{'criterion': 'gini', 'max_depth': 10, 'max_features': None, 'min_samples_split': 2, 'n_estimators': 1850}	1.0	1.0	1.0	1.0	1.0	1.0	1.0	1.0	1.0	1.0	1.0	0.0	1	1.0	1.0	1.0	1.0	1.0	1.0	1.0	1.0	1.0	1.0	1.0	0.0	1
44	1.578939723968506	0.05524264841747399	0.05332562923431396	0.0030091315878124055	gini	10		2	2000	{'criterion': 'gini', 'max_depth': 10, 'max_features': None, 'min_samples_split': 2, 'n_estimators': 2000}	1.0	1.0	1.0	1.0	1.0	1.0	1.0	1.0	1.0	1.0	1.0	0.0	1	1.0	1.0	1.0	1.0	1.0	1.0	1.0	1.0	1.0	1.0	1.0	0.0	1
45	1.324425745010376	0.04790838533004572	0.04810423851013183	0.003778908118447865	gini	10	0.25	3	1700	{'criterion': 'gini', 'max_depth': 10, 'max_features': 0.25, 'min_samples_split': 3, 'n_estimators': 1700}	1.0	1.0	1.0	1.0	1.0	1.0	1.0	1.0	1.0	1.0	1.0	0.0	1	1.0	1.0	1.0	1.0	1.0	1.0	1.0	1.0	1.0	1.0	1.0	0.0	1
46	1.4340561151504516	0.045593705570223186	0.05047483444213867	0.004223617611996221	gini	10	0.25	3	1850	{'criterion': 'gini', 'max_depth': 10, 'max_features': 0.25, 'min_samples_split': 3, 'n_estimators': 1850}	1.0	1.0	1.0	1.0	1.0	1.0	1.0	1.0	1.0	1.0	1.0	0.0	1	1.0	1.0	1.0	1.0	1.0	1.0	1.0	1.0	1.0	1.0	1.0	0.0	1
47	1.5534740686416626	0.029355062396594755	0.054745936393737794	0.006792504588529225	gini	10	0.25	3	2000	{'criterion': 'gini', 'max_depth': 10, 'max_features': 0.25, 'min_samples_split': 3, 'n_estimators': 2000}	1.0	1.0	1.0	1.0	1.0	1.0	1.0	1.0	1.0	1.0	1.0	0.0	1	1.0	1.0	1.0	1.0	1.0	1.0	1.0	1.0	1.0	1.0	1.0	0.0	1
48	1.3178554773330688	0.05268014938708824	0.04462270736694336	0.003068492133989225	gini	10	0.25	2	1700	{'criterion': 'gini', 'max_depth': 10, 'max_features': 0.25, 'min_samples_split': 2, 'n_estimators': 1700}	1.0	1.0	1.0	1.0	1.0	1.0	1.0	1.0	1.0	1.0	1.0	0.0	1	1.0	1.0	1.0	1.0	1.0	1.0	1.0	1.0	1.0	1.0	1.0	0.0	1
49	1.4165868759155273	0.025383124633207226	0.047013163566589355	0.005063842452809909	gini	10	0.25	2	1850	{'criterion': 'gini', 'max_depth': 10, 'max_features': 0.25, 'min_samples_split': 2, 'n_estimators': 1850}	1.0	1.0	1.0	1.0	1.0	1.0	1.0	1.0	1.0	1.0	1.0	0.0	1	1.0	1.0	1.0	1.0	1.0	1.0	1.0	1.0	1.0	1.0	1.0	0.0	1
50	1.5628782510757446	0.049258821460864126	0.05533685684204102	0.007731393879191937	gini	10	0.25	2	2000	{'criterion': 'gini', 'max_depth': 10, 'max_features': 0.25, 'min_samples_split': 2, 'n_estimators': 2000}	1.0	1.0	1.0	1.0	1.0	1.0	1.0	1.0	1.0	1.0	1.0	0.0	1	1.0	1.0	1.0	1.0	1.0	1.0	1.0	1.0	1.0	1.0	1.0	0.0	1
51	1.3083810329437255	0.033256066551379485	0.044555139541625974	0.0036156919634001364	gini	10	0.25	2	1700	{'criterion': 'gini', 'max_depth': 10, 'max_features': 0.25, 'min_samples_split': 2, 'n_estimators': 1700}	1.0	1.0	1.0	1.0	1.0	1.0	1.0	1.0	1.0	1.0	1.0	0.0	1	1.0	1.0	1.0	1.0	1.0	1.0	1.0	1.0	1.0	1.0	1.0	0.0	1
52	1.4430566072463988	0.0342868778106615	0.048148155212402344	0.003535091164951825	gini	10	0.25	2	1850	{'criterion': 'gini', 'max_depth': 10, 'max_features': 0.25, 'min_samples_split': 2, 'n_estimators': 1850}	1.0	1.0	1.0	1.0	1.0	1.0	1.0	1.0	1.0	1.0	1.0	0.0	1	1.0	1.0	1.0	1.0	1.0	1.0	1.0	1.0	1.0	1.0	1.0	0.0	1
53	1.4766634225845336	0.11007001179003317	0.048858141899108885	0.005796319431956533	gini	10	0.25	2	2000	{'criterion': 'gini', 'max_depth': 10, 'max_features': 0.25, 'min_samples_split': 2, 'n_estimators': 2000}	1.0	1.0	1.0	1.0	1.0	1.0	1.0	1.0	1.0	1.0	1.0	0.0	1	1.0	1.0	1.0	1.0	1.0	1.0	1.0	1.0	1.0	1.0	1.0	0.0	1
0	1.373414945602417	0.027807435624590142	0.0449765682220459	0.003491589086087778	gini	60		3	1700	{'criterion': 'gini', 'max_depth': 60, 'max_features': None, 'min_samples_split': 3, 'n_estimators': 1700}	1.0	1.0	1.0	1.0	1.0	1.0	1.0	1.0	1.0	1.0	1.0	0.0	1	1.0	1.0	1.0	1.0	1.0	1.0	1.0	1.0	1.0	1.0	1.0	0.0	2
1	1.550641655921936	0.04795199563421112	0.04929726123809815	0.006896827280250252	gini	60		3	1850	{'criterion': 'gini', 'max_depth': 60, 'max_features': None, 'min_samples_split': 3, 'n_estimators': 1850}	1.0	1.0	1.0	1.0	1.0	1.0	1.0	1.0	1.0	1.0	1.0	0.0	1	1.0	1.0	1.0	1.0	1.0	1.0	1.0	1.0	1.0	1.0	1.0	0.0	2
2	1.6465384244918824	0.0925357770353728	0.06018514633178711	0.006088509834658387	gini	60		3	2000	{'criterion': 'gini', 'max_depth': 60, 'max_features': None, 'min_samples_split': 3, 'n_estimators': 2000}	1.0	1.0	1.0	1.0	1.0	1.0	1.0	1.0	1.0	1.0	1.0	0.0	1	1.0	1.0	1.0	1.0	1.0	1.0	1.0	1.0	1.0	1.0	1.0	0.0	2
3	1.3662488460540771	0.029122619542463618	0.04630911350250244	0.0037796707026558672	gini	60		2	1700	{'criterion': 'gini', 'max_depth': 60, 'max_features': None, 'min_samples_split': 2, 'n_estimators': 1700}	1.0	1.0	1.0	1.0	1.0	1.0	1.0	1.0	1.0	1.0	1.0	0.0	1	1.0	1.0	1.0	1.0	1.0	1.0	1.0	1.0	1.0	1.0	1.0	0.0	2
4	1.4940582275390626	0.03867978281792569	0.05982627868652344	0.035310398000201235	gini	60		2	1850	{'criterion': 'gini', 'max_depth': 60, 'max_features': None, 'min_samples_split': 2, 'n_estimators': 1850}	1.0	1.0	1.0	1.0	1.0	1.0	1.0	1.0	1.0	1.0	1.0	0.0	1	1.0	1.0	1.0	1.0	1.0	1.0	1.0	1.0	1.0	1.0	1.0	0.0	2
5	1.6537126779556275	0.05507899795311082	0.05984804630279541	0.010852943481255569	gini	60		2	2000	{'criterion': 'gini', 'max_depth': 60, 'max_features': None, 'min_samples_split': 2, 'n_estimators': 2000}	1.0	1.0	1.0	1.0	1.0	1.0	1.0	1.0	1.0	1.0	1.0	0.0	1	1.0	1.0	1.0	1.0	1.0	1.0	1.0	1.0	1.0	1.0	1.0	0.0	2
6	1.3816619157791137	0.055207405391500174	0.048891639709472655	0.009939881666000044	gini	60		2	1700	{'criterion': 'gini', 'max_depth': 60, 'max_features': None, 'min_samples_split': 2, 'n_estimators': 1700}	1.0	1.0	1.0	1.0	1.0	1.0	1.0	1.0	1.0	1.0	1.0	0.0	1	1.0	1.0	1.0	1.0	1.0	1.0	1.0	1.0	1.0	1.0	1.0	0.0	2
7	1.6178691625595092	0.0602916080695403	0.06927351951599121	0.02532926061432264	gini	60		2	1850	{'criterion': 'gini', 'max_depth': 60, 'max_features': None, 'min_samples_split': 2, 'n_estimators': 1850}	1.0	1.0	1.0	1.0	1.0	1.0	1.0	1.0	1.0	1.0	1.0	0.0	1	1.0	1.0	1.0	1.0	1.0	1.0	1.0	1.0	1.0	1.0	1.0	0.0	2
8	1.8149778127670289	0.1081630720153999	0.055707144737243655	0.009612386152607712	gini	60		2	2000	{'criterion': 'gini', 'max_depth': 60, 'max_features': None, 'min_samples_split': 2, 'n_estimators': 2000}	1.0	1.0	1.0	1.0	1.0	1.0	1.0	1.0	1.0	1.0	1.0	0.0	1	1.0	1.0	1.0	1.0	1.0	1.0	1.0	1.0	1.0	1.0	1.0	0.0	2
9	1.4143455028533936	0.073020240863736	0.04748356342315674	0.007484295838561749	gini	60	0.25	3	1700	{'criterion': 'gini', 'max_depth': 60, 'max_features': 0.25, 'min_samples_split': 3, 'n_estimators': 1700}	1.0	1.0	1.0	1.0	1.0	1.0	1.0	1.0	1.0	1.0	1.0	0.0	1	1.0	1.0	1.0	1.0	1.0	1.0	1.0	1.0	1.0	1.0	1.0	0.0	2
10	1.5201402664184571	0.055079260563036775	0.051053333282470706	0.006497852814519918	gini	60	0.25	3	1850	{'criterion': 'gini', 'max_depth': 60, 'max_features': 0.25, 'min_samples_split': 3, 'n_estimators': 1850}	1.0	1.0	1.0	1.0	1.0	1.0	1.0	1.0	1.0	1.0	1.0	0.0	1	1.0	1.0	1.0	1.0	1.0	1.0	1.0	1.0	1.0	1.0	1.0	0.0	2
11	1.7815723419189453	0.0788463943288557	0.06342086791992188	0.00864616694529703	gini	60	0.25	3	2000	{'criterion': 'gini', 'max_depth': 60, 'max_features': 0.25, 'min_samples_split': 3, 'n_estimators': 2000}	1.0	1.0	1.0	1.0	1.0	1.0	1.0	1.0	1.0	1.0	1.0	0.0	1	1.0	1.0	1.0	1.0	1.0	1.0	1.0	1.0	1.0	1.0	1.0	0.0	2
12	1.4477450370788574	0.06380797544774751	0.05140023231506348	0.010021900574119131	gini	60	0.25	2	1700	{'criterion': 'gini', 'max_depth': 60, 'max_features': 0.25, 'min_samples_split': 2, 'n_estimators': 1700}	1.0	1.0	1.0	1.0	1.0	1.0	1.0	1.0	1.0	1.0	1.0	0.0	1	1.0	1.0	1.0	1.0	1.0	1.0	1.0	1.0	1.0	1.0	1.0	0.0	2
13	1.6234246969223023	0.035220773080985424	0.054563713073730466	0.011097304529145011	gini	60	0.25	2	1850	{'criterion': 'gini', 'max_depth': 60, 'max_features': 0.25, 'min_samples_split': 2, 'n_estimators': 1850}	1.0	1.0	1.0	1.0	1.0	1.0	1.0	1.0	1.0	1.0	1.0	0.0	1	1.0	1.0	1.0	1.0	1.0	1.0	1.0	1.0	1.0	1.0	1.0	0.0	2
14	1.75864577293396	0.07276202179614259	0.06144435405731201	0.01256509307099731	gini	60	0.25	2	2000	{'criterion': 'gini', 'max_depth': 60, 'max_features': 0.25, 'min_samples_split': 2, 'n_estimators': 2000}	1.0	1.0	1.0	1.0	1.0	1.0	1.0	1.0	1.0	1.0	1.0	0.0	1	1.0	1.0	1.0	1.0	1.0	1.0	1.0	1.0	1.0	1.0	1.0	0.0	2
15	1.4122191190719604	0.05149910825220991	0.06277704238891602	0.029148645492112244	gini	60	0.25	2	1700	{'criterion': 'gini', 'max_depth': 60, 'max_features': 0.25, 'min_samples_split': 2, 'n_estimators': 1700}	1.0	1.0	1.0	1.0	1.0	1.0	1.0	1.0	1.0	1.0	1.0	0.0	1	1.0	1.0	1.0	1.0	1.0	1.0	1.0	1.0	1.0	1.0	1.0	0.0	2
16	1.525082778930664	0.023053374860519137	0.04933617115020752	0.0036398873973478014	gini	60	0.25	2	1850	{'criterion': 'gini', 'max_depth': 60, 'max_features': 0.25, 'min_samples_split': 2, 'n_estimators': 1850}	1.0	1.0	1.0	1.0	1.0	1.0	1.0	1.0	1.0	1.0	1.0	0.0	1	1.0	1.0	1.0	1.0	1.0	1.0	1.0	1.0	1.0	1.0	1.0	0.0	2
17	1.6205523252487182	0.044845532842947025	0.05646383762359619	0.0063860668282370876	gini	60	0.25	2	2000	{'criterion': 'gini', 'max_depth': 60, 'max_features': 0.25, 'min_samples_split': 2, 'n_estimators': 2000}	1.0	1.0	1.0	1.0	1.0	1.0	1.0	1.0	1.0	1.0	1.0	0.0	1	1.0	1.0	1.0	1.0	1.0	1.0	1.0	1.0	1.0	1.0	1.0	0.0	2
18	1.6165366888046264	0.13681822675370542	0.06194427013397217	0.01700925390922029	gini	35		3	1700	{'criterion': 'gini', 'max_depth': 35, 'max_features': None, 'min_samples_split': 3, 'n_estimators': 1700}	1.0	1.0	1.0	1.0	1.0	1.0	1.0	1.0	1.0	1.0	1.0	0.0	1	1.0	1.0	1.0	1.0	1.0	1.0	1.0	1.0	1.0	1.0	1.0	0.0	2
19	1.6411750078201295	0.09241392756755061	0.054098987579345705	0.010894121773114026	gini	35		3	1850	{'criterion': 'gini', 'max_depth': 35, 'max_features': None, 'min_samples_split': 3, 'n_estimators': 1850}	1.0	1.0	1.0	1.0	1.0	1.0	1.0	1.0	1.0	1.0	1.0	0.0	1	1.0	1.0	1.0	1.0	1.0	1.0	1.0	1.0	1.0	1.0	1.0	0.0	2
20	1.6370114088058472	0.034898158919729805	0.059741973876953125	0.007982465926073	gini	35		3	2000	{'criterion': 'gini', 'max_depth': 35, 'max_features': None, 'min_samples_split': 3, 'n_estimators': 2000}	1.0	1.0	1.0	1.0	1.0	1.0	1.0	1.0	1.0	1.0	1.0	0.0	1	1.0	1.0	1.0	1.0	1.0	1.0	1.0	1.0	1.0	1.0	1.0	0.0	2
21	1.5640263319015504	0.09758613310842922	0.05589816570281982	0.009804667299324698	gini	35		2	1700	{'criterion': 'gini', 'max_depth': 35, 'max_features': None, 'min_samples_split': 2, 'n_estimators': 1700}	1.0	1.0	1.0	1.0	1.0	1.0	1.0	1.0	1.0	1.0	1.0	0.0	1	1.0	1.0	1.0	1.0	1.0	1.0	1.0	1.0	1.0	1.0	1.0	0.0	2
22	1.8908530712127685	0.11718204649486282	0.05797436237335205	0.011708061585085739	gini	35		2	1850	{'criterion': 'gini', 'max_depth': 35, 'max_features': None, 'min_samples_split': 2, 'n_estimators': 1850}	1.0	1.0	1.0	1.0	1.0	1.0	1.0	1.0	1.0	1.0	1.0	0.0	1	1.0	1.0	1.0	1.0	1.0	1.0	1.0	1.0	1.0	1.0	1.0	0.0	2
23	1.6405303955078125	0.04705690696512417	0.05651388168334961	0.002632357642434565	gini	35		2	2000	{'criterion': 'gini', 'max_depth': 35, 'max_features': None, 'min_samples_split': 2, 'n_estimators': 2000}	1.0	1.0	1.0	1.0	1.0	1.0	1.0	1.0	1.0	1.0	1.0	0.0	1	1.0	1.0	1.0	1.0	1.0	1.0	1.0	1.0	1.0	1.0	1.0	0.0	2
24	1.3447091817855834	0.03801303593147622	0.046497654914855954	0.0023329829774036857	gini	35		2	1700	{'criterion': 'gini', 'max_depth': 35, 'max_features': None, 'min_samples_split': 2, 'n_estimators': 1700}	1.0	1.0	1.0	1.0	1.0	1.0	1.0	1.0	1.0	1.0	1.0	0.0	1	1.0	1.0	1.0	1.0	1.0	1.0	1.0	1.0	1.0	1.0	1.0	0.0	2
25	1.4798609733581543	0.03222657981867945	0.053225469589233396	0.004848286921626803	gini	35		2	1850	{'criterion': 'gini', 'max_depth': 35, 'max_features': None, 'min_samples_split': 2, 'n_estimators': 1850}	1.0	1.0	1.0	1.0	1.0	1.0	1.0	1.0	1.0	1.0	1.0	0.0	1	1.0	1.0	1.0	1.0	1.0	1.0	1.0	1.0	1.0	1.0	1.0	0.0	2
26	1.5963900804519653	0.06021541496278093	0.054839348793029784	0.003738453207622815	gini	35		2	2000	{'criterion': 'gini', 'max_depth': 35, 'max_features': None, 'min_samples_split': 2, 'n_estimators': 2000}	1.0	1.0	1.0	1.0	1.0	1.0	1.0	1.0	1.0	1.0	1.0	0.0	1	1.0	1.0	1.0	1.0	1.0	1.0	1.0	1.0	1.0	1.0	1.0	0.0	2
27	1.3058378458023072	0.016862297997832433	0.046356797218322754	0.004940599287152869	gini	35	0.25	3	1700	{'criterion': 'gini', 'max_depth': 35, 'max_features': 0.25, 'min_samples_split': 3, 'n_estimators': 1700}	1.0	1.0	1.0	1.0	1.0	1.0	1.0	1.0	1.0	1.0	1.0	0.0	1	1.0	1.0	1.0	1.0	1.0	1.0	1.0	1.0	1.0	1.0	1.0	0.0	2
28	1.429154109954834	0.029609184591840452	0.049457740783691403	0.0013122810342988147	gini	35	0.25	3	1850	{'criterion': 'gini', 'max_depth': 35, 'max_features': 0.25, 'min_samples_split': 3, 'n_estimators': 1850}	1.0	1.0	1.0	1.0	1.0	1.0	1.0	1.0	1.0	1.0	1.0	0.0	1	1.0	1.0	1.0	1.0	1.0	1.0	1.0	1.0	1.0	1.0	1.0	0.0	2
29	1.5468852758407592	0.03436415174771687	0.053652620315551756	0.0028053074932534163	gini	35	0.25	3	2000	{'criterion': 'gini', 'max_depth': 35, 'max_features': 0.25, 'min_samples_split': 3, 'n_estimators': 2000}	1.0	1.0	1.0	1.0	1.0	1.0	1.0	1.0	1.0	1.0	1.0	0.0	1	1.0	1.0	1.0	1.0	1.0	1.0	1.0	1.0	1.0	1.0	1.0	0.0	2
30	1.3229081869125365	0.04544669843962775	0.04642817974090576	0.006127075958324834	gini	35	0.25	2	1700	{'criterion': 'gini', 'max_depth': 35, 'max_features': 0.25, 'min_samples_split': 2, 'n_estimators': 1700}	1.0	1.0	1.0	1.0	1.0	1.0	1.0	1.0	1.0	1.0	1.0	0.0	1	1.0	1.0	1.0	1.0	1.0	1.0	1.0	1.0	1.0	1.0	1.0	0.0	2
31	1.4338117122650147	0.03200053019769258	0.05337240695953369	0.0036984300599140324	gini	35	0.25	2	1850	{'criterion': 'gini', 'max_depth': 35, 'max_features': 0.25, 'min_samples_split': 2, 'n_estimators': 1850}	1.0	1.0	1.0	1.0	1.0	1.0	1.0	1.0	1.0	1.0	1.0	0.0	1	1.0	1.0	1.0	1.0	1.0	1.0	1.0	1.0	1.0	1.0	1.0	0.0	2
32	1.5398184299468993	0.03370578385628133	0.05406308174133301	0.002167995025429157	gini	35	0.25	2	2000	{'criterion': 'gini', 'max_depth': 35, 'max_features': 0.25, 'min_samples_split': 2, 'n_estimators': 2000}	1.0	1.0	1.0	1.0	1.0	1.0	1.0	1.0	1.0	1.0	1.0	0.0	1	1.0	1.0	1.0	1.0	1.0	1.0	1.0	1.0	1.0	1.0	1.0	0.0	2
33	1.2996274948120117	0.016553359267808744	0.046998023986816406	0.0023763627093737914	gini	35	0.25	2	1700	{'criterion': 'gini', 'max_depth': 35, 'max_features': 0.25, 'min_samples_split': 2, 'n_estimators': 1700}	1.0	1.0	1.0	1.0	1.0	1.0	1.0	1.0	1.0	1.0	1.0	0.0	1	1.0	1.0	1.0	1.0	1.0	1.0	1.0	1.0	1.0	1.0	1.0	0.0	2
34	1.411673665046692	0.031621179164808985	0.049882149696350096	0.00215419878742049	gini	35	0.25	2	1850	{'criterion': 'gini', 'max_depth': 35, 'max_features': 0.25, 'min_samples_split': 2, 'n_estimators': 1850}	1.0	1.0	1.0	1.0	1.0	1.0	1.0	1.0	1.0	1.0	1.0	0.0	1	1.0	1.0	1.0	1.0	1.0	1.0	1.0	1.0	1.0	1.0	1.0	0.0	2
35	1.546788263320923	0.031011212234078534	0.05485789775848389	0.002891711433598961	gini	35	0.25	2	2000	{'criterion': 'gini', 'max_depth': 35, 'max_features': 0.25, 'min_samples_split': 2, 'n_estimators': 2000}	1.0	1.0	1.0	1.0	1.0	1.0	1.0	1.0	1.0	1.0	1.0	0.0	1	1.0	1.0	1.0	1.0	1.0	1.0	1.0	1.0	1.0	1.0	1.0	0.0	2
36	1.3323356866836549	0.022522393167295488	0.047330832481384276	0.004366263048260412	gini	10		3	1700	{'criterion': 'gini', 'max_depth': 10, 'max_features': None, 'min_samples_split': 3, 'n_estimators': 1700}	1.0	1.0	1.0	1.0	1.0	1.0	1.0	1.0	1.0	1.0	1.0	0.0	1	1.0	1.0	1.0	1.0	1.0	1.0	1.0	1.0	1.0	1.0	1.0	0.0	2
37	1.4549112558364867	0.03121705131792396	0.04962089061737061	0.002062596664956919	gini	10		3	1850	{'criterion': 'gini', 'max_depth': 10, 'max_features': None, 'min_samples_split': 3, 'n_estimators': 1850}	1.0	1.0	1.0	1.0	1.0	1.0	1.0	1.0	1.0	1.0	1.0	0.0	1	1.0	1.0	1.0	1.0	1.0	1.0	1.0	1.0	1.0	1.0	1.0	0.0	2
38	1.7127492666244506	0.09424306375920184	0.06053955554962158	0.008187153742989256	gini	10		3	2000	{'criterion': 'gini', 'max_depth': 10, 'max_features': None, 'min_samples_split': 3, 'n_estimators': 2000}	1.0	1.0	1.0	1.0	1.0	1.0	1.0	1.0	1.0	1.0	1.0	0.0	1	1.0	1.0	1.0	1.0	1.0	1.0	1.0	1.0	1.0	1.0	1.0	0.0	2
39	1.4017367601394652	0.04206132297530883	0.05206937789916992	0.009382840170046083	gini	10		2	1700	{'criterion': 'gini', 'max_depth': 10, 'max_features': None, 'min_samples_split': 2, 'n_estimators': 1700}	1.0	1.0	1.0	1.0	1.0	1.0	1.0	1.0	1.0	1.0	1.0	0.0	1	1.0	1.0	1.0	1.0	1.0	1.0	1.0	1.0	1.0	1.0	1.0	0.0	2
40	1.542479968070984	0.036970807944904115	0.054974031448364255	0.00651147396189602	gini	10		2	1850	{'criterion': 'gini', 'max_depth': 10, 'max_features': None, 'min_samples_split': 2, 'n_estimators': 1850}	1.0	1.0	1.0	1.0	1.0	1.0	1.0	1.0	1.0	1.0	1.0	0.0	1	1.0	1.0	1.0	1.0	1.0	1.0	1.0	1.0	1.0	1.0	1.0	0.0	2
41	1.6157471656799316	0.055013691666016475	0.05252752304077148	0.0019820097194157634	gini	10		2	2000	{'criterion': 'gini', 'max_depth': 10, 'max_features': None, 'min_samples_split': 2, 'n_estimators': 2000}	1.0	1.0	1.0	1.0	1.0	1.0	1.0	1.0	1.0	1.0	1.0	0.0	1	1.0	1.0	1.0	1.0	1.0	1.0	1.0	1.0	1.0	1.0	1.0	0.0	2
42	1.3737735509872437	0.03696177259619349	0.04535253047943115	0.0036608921623579285	gini	10		2	1700	{'criterion': 'gini', 'max_depth': 10, 'max_features': None, 'min_samples_split': 2, 'n_estimators': 1700}	1.0	1.0	1.0	1.0	1.0	1.0	1.0	1.0	1.0	1.0	1.0	0.0	1	1.0	1.0	1.0	1.0	1.0	1.0	1.0	1.0	1.0	1.0	1.0	0.0	2
43	1.5813720941543579	0.0845981053444156	0.05903630256652832	0.012408031751643775	gini	10		2	1850	{'criterion': 'gini', 'max_depth': 10, 'max_features': None, 'min_samples_split': 2, 'n_estimators': 1850}	1.0	1.0	1.0	1.0	1.0	1.0	1.0	1.0	1.0	1.0	1.0	0.0	1	1.0	1.0	1.0	1.0	1.0	1.0	1.0	1.0	1.0	1.0	1.0	0.0	2
44	1.8933762311935425	0.052880891194904286	0.05789005756378174	0.007926506519469358	gini	10		2	2000	{'criterion': 'gini', 'max_depth': 10, 'max_features': None, 'min_samples_split': 2, 'n_estimators': 2000}	1.0	1.0	1.0	1.0	1.0	1.0	1.0	1.0	1.0	1.0	1.0	0.0	1	1.0	1.0	1.0	1.0	1.0	1.0	1.0	1.0	1.0	1.0	1.0	0.0	2
45	1.431416893005371	0.0690912284268633	0.05124697685241699	0.009649602666097074	gini	10	0.25	3	1700	{'criterion': 'gini', 'max_depth': 10, 'max_features': 0.25, 'min_samples_split': 3, 'n_estimators': 1700}	1.0	1.0	1.0	1.0	1.0	1.0	1.0	1.0	1.0	1.0	1.0	0.0	1	1.0	1.0	1.0	1.0	1.0	1.0	1.0	1.0	1.0	1.0	1.0	0.0	2
46	1.514971661567688	0.043178970130361385	0.05365447998046875	0.0051323657510035205	gini	10	0.25	3	1850	{'criterion': 'gini', 'max_depth': 10, 'max_features': 0.25, 'min_samples_split': 3, 'n_estimators': 1850}	1.0	1.0	1.0	1.0	1.0	1.0	1.0	1.0	1.0	1.0	1.0	0.0	1	1.0	1.0	1.0	1.0	1.0	1.0	1.0	1.0	1.0	1.0	1.0	0.0	2
47	1.5808809280395508	0.0535485688392288	0.05169568061828613	0.003761468254123517	gini	10	0.25	3	2000	{'criterion': 'gini', 'max_depth': 10, 'max_features': 0.25, 'min_samples_split': 3, 'n_estimators': 2000}	1.0	1.0	1.0	1.0	1.0	1.0	1.0	1.0	1.0	1.0	1.0	0.0	1	1.0	1.0	1.0	1.0	1.0	1.0	1.0	1.0	1.0	1.0	1.0	0.0	2
48	1.3213630199432373	0.011892829490478785	0.048796892166137695	0.006876527666007114	gini	10	0.25	2	1700	{'criterion': 'gini', 'max_depth': 10, 'max_features': 0.25, 'min_samples_split': 2, 'n_estimators': 1700}	1.0	1.0	1.0	1.0	1.0	1.0	1.0	1.0	1.0	1.0	1.0	0.0	1	1.0	1.0	1.0	1.0	1.0	1.0	1.0	1.0	1.0	1.0	1.0	0.0	2
49	1.4451305627822877	0.023448158454716178	0.05237588882446289	0.009005040177551039	gini	10	0.25	2	1850	{'criterion': 'gini', 'max_depth': 10, 'max_features': 0.25, 'min_samples_split': 2, 'n_estimators': 1850}	1.0	1.0	1.0	1.0	1.0	1.0	1.0	1.0	1.0	1.0	1.0	0.0	1	1.0	1.0	1.0	1.0	1.0	1.0	1.0	1.0	1.0	1.0	1.0	0.0	2
50	1.566588807106018	0.02338631799570953	0.05532662868499756	0.0028959762891479315	gini	10	0.25	2	2000	{'criterion': 'gini', 'max_depth': 10, 'max_features': 0.25, 'min_samples_split': 2, 'n_estimators': 2000}	1.0	1.0	1.0	1.0	1.0	1.0	1.0	1.0	1.0	1.0	1.0	0.0	1	1.0	1.0	1.0	1.0	1.0	1.0	1.0	1.0	1.0	1.0	1.0	0.0	2
51	1.3591844320297242	0.03596464391491716	0.04798104763031006	0.005375454783899779	gini	10	0.25	2	1700	{'criterion': 'gini', 'max_depth': 10, 'max_features': 0.25, 'min_samples_split': 2, 'n_estimators': 1700}	1.0	1.0	1.0	1.0	1.0	1.0	1.0	1.0	1.0	1.0	1.0	0.0	1	1.0	1.0	1.0	1.0	1.0	1.0	1.0	1.0	1.0	1.0	1.0	0.0	2
52	1.478241753578186	0.0459088674271334	0.052716827392578124	0.00921394185976787	gini	10	0.25	2	1850	{'criterion': 'gini', 'max_depth': 10, 'max_features': 0.25, 'min_samples_split': 2, 'n_estimators': 1850}	1.0	1.0	1.0	1.0	1.0	1.0	1.0	1.0	1.0	1.0	1.0	0.0	1	1.0	1.0	1.0	1.0	1.0	1.0	1.0	1.0	1.0	1.0	1.0	0.0	2
53	1.4980751514434814	0.06449676440570146	0.04879539012908936	0.007484534810557736	gini	10	0.25	2	2000	{'criterion': 'gini', 'max_depth': 10, 'max_features': 0.25, 'min_samples_split': 2, 'n_estimators': 2000}	1.0	1.0	1.0	1.0	1.0	1.0	1.0	1.0	1.0	1.0	1.0	0.0	1	1.0	1.0	1.0	1.0	1.0	1.0	1.0	1.0	1.0	1.0	1.0	0.0	2
0	1.3424508094787597	0.019874591694045332	0.044554734230041505	0.005787378512200166	gini	60		3	1700	{'criterion': 'gini', 'max_depth': 60, 'max_features': None, 'min_samples_split': 3, 'n_estimators': 1700}	1.0	1.0	1.0	1.0	1.0	1.0	1.0	1.0	1.0	1.0	1.0	0.0	1	1.0	1.0	1.0	1.0	1.0	1.0	1.0	1.0	1.0	1.0	1.0	0.0	3
1	1.4566624402999877	0.0431638972839875	0.05077292919158936	0.003084972538733984	gini	60		3	1850	{'criterion': 'gini', 'max_depth': 60, 'max_features': None, 'min_samples_split': 3, 'n_estimators': 1850}	1.0	1.0	1.0	1.0	1.0	1.0	1.0	1.0	1.0	1.0	1.0	0.0	1	1.0	1.0	1.0	1.0	1.0	1.0	1.0	1.0	1.0	1.0	1.0	0.0	3
2	1.577325963973999	0.04860567365735373	0.05693221092224121	0.005846996015493031	gini	60		3	2000	{'criterion': 'gini', 'max_depth': 60, 'max_features': None, 'min_samples_split': 3, 'n_estimators': 2000}	1.0	1.0	1.0	1.0	1.0	1.0	1.0	1.0	1.0	1.0	1.0	0.0	1	1.0	1.0	1.0	1.0	1.0	1.0	1.0	1.0	1.0	1.0	1.0	0.0	3
3	1.3345993041992188	0.015857748527595895	0.04429547786712647	0.00333590180315927	gini	60		2	1700	{'criterion': 'gini', 'max_depth': 60, 'max_features': None, 'min_samples_split': 2, 'n_estimators': 1700}	1.0	1.0	1.0	1.0	1.0	1.0	1.0	1.0	1.0	1.0	1.0	0.0	1	1.0	1.0	1.0	1.0	1.0	1.0	1.0	1.0	1.0	1.0	1.0	0.0	3
4	1.4649489164352416	0.03544762442960657	0.049196815490722655	0.003423762447236999	gini	60		2	1850	{'criterion': 'gini', 'max_depth': 60, 'max_features': None, 'min_samples_split': 2, 'n_estimators': 1850}	1.0	1.0	1.0	1.0	1.0	1.0	1.0	1.0	1.0	1.0	1.0	0.0	1	1.0	1.0	1.0	1.0	1.0	1.0	1.0	1.0	1.0	1.0	1.0	0.0	3
5	1.5790214538574219	0.07380199791039156	0.05304722785949707	0.00405711860163695	gini	60		2	2000	{'criterion': 'gini', 'max_depth': 60, 'max_features': None, 'min_samples_split': 2, 'n_estimators': 2000}	1.0	1.0	1.0	1.0	1.0	1.0	1.0	1.0	1.0	1.0	1.0	0.0	1	1.0	1.0	1.0	1.0	1.0	1.0	1.0	1.0	1.0	1.0	1.0	0.0	3
6	1.325465774536133	0.027464581716031097	0.04648444652557373	0.0036866488812013856	gini	60		2	1700	{'criterion': 'gini', 'max_depth': 60, 'max_features': None, 'min_samples_split': 2, 'n_estimators': 1700}	1.0	1.0	1.0	1.0	1.0	1.0	1.0	1.0	1.0	1.0	1.0	0.0	1	1.0	1.0	1.0	1.0	1.0	1.0	1.0	1.0	1.0	1.0	1.0	0.0	3
7	1.4535406112670899	0.03949008909358565	0.049100518226623535	0.0049173964716992145	gini	60		2	1850	{'criterion': 'gini', 'max_depth': 60, 'max_features': None, 'min_samples_split': 2, 'n_estimators': 1850}	1.0	1.0	1.0	1.0	1.0	1.0	1.0	1.0	1.0	1.0	1.0	0.0	1	1.0	1.0	1.0	1.0	1.0	1.0	1.0	1.0	1.0	1.0	1.0	0.0	3
8	1.5692058563232423	0.023441172066457145	0.05529565811157226	0.004536132725493017	gini	60		2	2000	{'criterion': 'gini', 'max_depth': 60, 'max_features': None, 'min_samples_split': 2, 'n_estimators': 2000}	1.0	1.0	1.0	1.0	1.0	1.0	1.0	1.0	1.0	1.0	1.0	0.0	1	1.0	1.0	1.0	1.0	1.0	1.0	1.0	1.0	1.0	1.0	1.0	0.0	3
9	1.3147095441818237	0.030407055735218246	0.04871182441711426	0.0062779199397741976	gini	60	0.25	3	1700	{'criterion': 'gini', 'max_depth': 60, 'max_features': 0.25, 'min_samples_split': 3, 'n_estimators': 1700}	1.0	1.0	1.0	1.0	1.0	1.0	1.0	1.0	1.0	1.0	1.0	0.0	1	1.0	1.0	1.0	1.0	1.0	1.0	1.0	1.0	1.0	1.0	1.0	0.0	3
10	1.4387156009674071	0.035913221348666355	0.05676634311676025	0.01249738307745638	gini	60	0.25	3	1850	{'criterion': 'gini', 'max_depth': 60, 'max_features': 0.25, 'min_samples_split': 3, 'n_estimators': 1850}	1.0	1.0	1.0	1.0	1.0	1.0	1.0	1.0	1.0	1.0	1.0	0.0	1	1.0	1.0	1.0	1.0	1.0	1.0	1.0	1.0	1.0	1.0	1.0	0.0	3
11	1.5490156173706056	0.05342566583980018	0.05415046215057373	0.0029106511066832037	gini	60	0.25	3	2000	{'criterion': 'gini', 'max_depth': 60, 'max_features': 0.25, 'min_samples_split': 3, 'n_estimators': 2000}	1.0	1.0	1.0	1.0	1.0	1.0	1.0	1.0	1.0	1.0	1.0	0.0	1	1.0	1.0	1.0	1.0	1.0	1.0	1.0	1.0	1.0	1.0	1.0	0.0	3
12	1.291823434829712	0.04124273457277017	0.04867868423461914	0.004037026921172377	gini	60	0.25	2	1700	{'criterion': 'gini', 'max_depth': 60, 'max_features': 0.25, 'min_samples_split': 2, 'n_estimators': 1700}	1.0	1.0	1.0	1.0	1.0	1.0	1.0	1.0	1.0	1.0	1.0	0.0	1	1.0	1.0	1.0	1.0	1.0	1.0	1.0	1.0	1.0	1.0	1.0	0.0	3
13	1.4760023593902587	0.03315397047620648	0.05628213882446289	0.010788955819072075	gini	60	0.25	2	1850	{'criterion': 'gini', 'max_depth': 60, 'max_features': 0.25, 'min_samples_split': 2, 'n_estimators': 1850}	1.0	1.0	1.0	1.0	1.0	1.0	1.0	1.0	1.0	1.0	1.0	0.0	1	1.0	1.0	1.0	1.0	1.0	1.0	1.0	1.0	1.0	1.0	1.0	0.0	3
14	1.603906011581421	0.05446802644120943	0.05738441944122315	0.010551484878908873	gini	60	0.25	2	2000	{'criterion': 'gini', 'max_depth': 60, 'max_features': 0.25, 'min_samples_split': 2, 'n_estimators': 2000}	1.0	1.0	1.0	1.0	1.0	1.0	1.0	1.0	1.0	1.0	1.0	0.0	1	1.0	1.0	1.0	1.0	1.0	1.0	1.0	1.0	1.0	1.0	1.0	0.0	3
15	1.369636106491089	0.050723799515380336	0.04783470630645752	0.007675053036198176	gini	60	0.25	2	1700	{'criterion': 'gini', 'max_depth': 60, 'max_features': 0.25, 'min_samples_split': 2, 'n_estimators': 1700}	1.0	1.0	1.0	1.0	1.0	1.0	1.0	1.0	1.0	1.0	1.0	0.0	1	1.0	1.0	1.0	1.0	1.0	1.0	1.0	1.0	1.0	1.0	1.0	0.0	3
16	1.4298498392105103	0.03971548396213815	0.05402934551239014	0.010310079025430859	gini	60	0.25	2	1850	{'criterion': 'gini', 'max_depth': 60, 'max_features': 0.25, 'min_samples_split': 2, 'n_estimators': 1850}	1.0	1.0	1.0	1.0	1.0	1.0	1.0	1.0	1.0	1.0	1.0	0.0	1	1.0	1.0	1.0	1.0	1.0	1.0	1.0	1.0	1.0	1.0	1.0	0.0	3
17	1.5735869884490967	0.08462087656291567	0.05831432342529297	0.011555921288875476	gini	60	0.25	2	2000	{'criterion': 'gini', 'max_depth': 60, 'max_features': 0.25, 'min_samples_split': 2, 'n_estimators': 2000}	1.0	1.0	1.0	1.0	1.0	1.0	1.0	1.0	1.0	1.0	1.0	0.0	1	1.0	1.0	1.0	1.0	1.0	1.0	1.0	1.0	1.0	1.0	1.0	0.0	3
18	1.3891343593597412	0.03485038833595135	0.05024335384368896	0.006573096612337471	gini	35		3	1700	{'criterion': 'gini', 'max_depth': 35, 'max_features': None, 'min_samples_split': 3, 'n_estimators': 1700}	1.0	1.0	1.0	1.0	1.0	1.0	1.0	1.0	1.0	1.0	1.0	0.0	1	1.0	1.0	1.0	1.0	1.0	1.0	1.0	1.0	1.0	1.0	1.0	0.0	3
19	1.5288350105285644	0.05399676185357922	0.050881385803222656	0.006380893960387089	gini	35		3	1850	{'criterion': 'gini', 'max_depth': 35, 'max_features': None, 'min_samples_split': 3, 'n_estimators': 1850}	1.0	1.0	1.0	1.0	1.0	1.0	1.0	1.0	1.0	1.0	1.0	0.0	1	1.0	1.0	1.0	1.0	1.0	1.0	1.0	1.0	1.0	1.0	1.0	0.0	3
20	1.6207167148590087	0.05641291360036531	0.05511405467987061	0.005754895043148355	gini	35		3	2000	{'criterion': 'gini', 'max_depth': 35, 'max_features': None, 'min_samples_split': 3, 'n_estimators': 2000}	1.0	1.0	1.0	1.0	1.0	1.0	1.0	1.0	1.0	1.0	1.0	0.0	1	1.0	1.0	1.0	1.0	1.0	1.0	1.0	1.0	1.0	1.0	1.0	0.0	3
21	1.3749009609222411	0.023951484878157958	0.04868371486663818	0.010729386344175484	gini	35		2	1700	{'criterion': 'gini', 'max_depth': 35, 'max_features': None, 'min_samples_split': 2, 'n_estimators': 1700}	1.0	1.0	1.0	1.0	1.0	1.0	1.0	1.0	1.0	1.0	1.0	0.0	1	1.0	1.0	1.0	1.0	1.0	1.0	1.0	1.0	1.0	1.0	1.0	0.0	3
22	1.5149572849273683	0.05608620231905304	0.05016865730285645	0.005454200633928098	gini	35		2	1850	{'criterion': 'gini', 'max_depth': 35, 'max_features': None, 'min_samples_split': 2, 'n_estimators': 1850}	1.0	1.0	1.0	1.0	1.0	1.0	1.0	1.0	1.0	1.0	1.0	0.0	1	1.0	1.0	1.0	1.0	1.0	1.0	1.0	1.0	1.0	1.0	1.0	0.0	3
23	1.5865097522735596	0.09789979856442513	0.053522372245788576	0.004395783587173425	gini	35		2	2000	{'criterion': 'gini', 'max_depth': 35, 'max_features': None, 'min_samples_split': 2, 'n_estimators': 2000}	1.0	1.0	1.0	1.0	1.0	1.0	1.0	1.0	1.0	1.0	1.0	0.0	1	1.0	1.0	1.0	1.0	1.0	1.0	1.0	1.0	1.0	1.0	1.0	0.0	3
24	1.3473816156387328	0.026336628516827162	0.045664405822753905	0.0042433280786426195	gini	35		2	1700	{'criterion': 'gini', 'max_depth': 35, 'max_features': None, 'min_samples_split': 2, 'n_estimators': 1700}	1.0	1.0	1.0	1.0	1.0	1.0	1.0	1.0	1.0	1.0	1.0	0.0	1	1.0	1.0	1.0	1.0	1.0	1.0	1.0	1.0	1.0	1.0	1.0	0.0	3
25	1.455726408958435	0.03702212557149792	0.05050637722015381	0.0037281846749340356	gini	35		2	1850	{'criterion': 'gini', 'max_depth': 35, 'max_features': None, 'min_samples_split': 2, 'n_estimators': 1850}	1.0	1.0	1.0	1.0	1.0	1.0	1.0	1.0	1.0	1.0	1.0	0.0	1	1.0	1.0	1.0	1.0	1.0	1.0	1.0	1.0	1.0	1.0	1.0	0.0	3
26	1.5906036615371704	0.048840152633640985	0.05626504421234131	0.007758630615202549	gini	35		2	2000	{'criterion': 'gini', 'max_depth': 35, 'max_features': None, 'min_samples_split': 2, 'n_estimators': 2000}	1.0	1.0	1.0	1.0	1.0	1.0	1.0	1.0	1.0	1.0	1.0	0.0	1	1.0	1.0	1.0	1.0	1.0	1.0	1.0	1.0	1.0	1.0	1.0	0.0	3
27	1.3259039878845216	0.04228929488504812	0.0446375846862793	0.004914657828429101	gini	35	0.25	3	1700	{'criterion': 'gini', 'max_depth': 35, 'max_features': 0.25, 'min_samples_split': 3, 'n_estimators': 1700}	1.0	1.0	1.0	1.0	1.0	1.0	1.0	1.0	1.0	1.0	1.0	0.0	1	1.0	1.0	1.0	1.0	1.0	1.0	1.0	1.0	1.0	1.0	1.0	0.0	3
28	1.5922535896301269	0.11144854329712796	0.05645234584808349	0.009589509881202279	gini	35	0.25	3	1850	{'criterion': 'gini', 'max_depth': 35, 'max_features': 0.25, 'min_samples_split': 3, 'n_estimators': 1850}	1.0	1.0	1.0	1.0	1.0	1.0	1.0	1.0	1.0	1.0	1.0	0.0	1	1.0	1.0	1.0	1.0	1.0	1.0	1.0	1.0	1.0	1.0	1.0	0.0	3
29	1.5915021896362305	0.06123569158930381	0.05442337989807129	0.0043339843728339095	gini	35	0.25	3	2000	{'criterion': 'gini', 'max_depth': 35, 'max_features': 0.25, 'min_samples_split': 3, 'n_estimators': 2000}	1.0	1.0	1.0	1.0	1.0	1.0	1.0	1.0	1.0	1.0	1.0	0.0	1	1.0	1.0	1.0	1.0	1.0	1.0	1.0	1.0	1.0	1.0	1.0	0.0	3
30	1.326834797859192	0.033547295167741305	0.04610137939453125	0.006534597729773705	gini	35	0.25	2	1700	{'criterion': 'gini', 'max_depth': 35, 'max_features': 0.25, 'min_samples_split': 2, 'n_estimators': 1700}	1.0	1.0	1.0	1.0	1.0	1.0	1.0	1.0	1.0	1.0	1.0	0.0	1	1.0	1.0	1.0	1.0	1.0	1.0	1.0	1.0	1.0	1.0	1.0	0.0	3
31	1.4279382705688477	0.04362388229883058	0.051433658599853514	0.0045013993611254105	gini	35	0.25	2	1850	{'criterion': 'gini', 'max_depth': 35, 'max_features': 0.25, 'min_samples_split': 2, 'n_estimators': 1850}	1.0	1.0	1.0	1.0	1.0	1.0	1.0	1.0	1.0	1.0	1.0	0.0	1	1.0	1.0	1.0	1.0	1.0	1.0	1.0	1.0	1.0	1.0	1.0	0.0	3
32	1.5483217239379883	0.015634727339797445	0.058391451835632324	0.007610127144546214	gini	35	0.25	2	2000	{'criterion': 'gini', 'max_depth': 35, 'max_features': 0.25, 'min_samples_split': 2, 'n_estimators': 2000}	1.0	1.0	1.0	1.0	1.0	1.0	1.0	1.0	1.0	1.0	1.0	0.0	1	1.0	1.0	1.0	1.0	1.0	1.0	1.0	1.0	1.0	1.0	1.0	0.0	3
33	1.402462077140808	0.15686789416714847	0.05801966190338135	0.013175747633014254	gini	35	0.25	2	1700	{'criterion': 'gini', 'max_depth': 35, 'max_features': 0.25, 'min_samples_split': 2, 'n_estimators': 1700}	1.0	1.0	1.0	1.0	1.0	1.0	1.0	1.0	1.0	1.0	1.0	0.0	1	1.0	1.0	1.0	1.0	1.0	1.0	1.0	1.0	1.0	1.0	1.0	0.0	3
34	1.553164553642273	0.09044072949073353	0.05322411060333252	0.007008507322033938	gini	35	0.25	2	1850	{'criterion': 'gini', 'max_depth': 35, 'max_features': 0.25, 'min_samples_split': 2, 'n_estimators': 1850}	1.0	1.0	1.0	1.0	1.0	1.0	1.0	1.0	1.0	1.0	1.0	0.0	1	1.0	1.0	1.0	1.0	1.0	1.0	1.0	1.0	1.0	1.0	1.0	0.0	3
35	1.5382874250411986	0.013717065556902693	0.05621662139892578	0.006580564163102428	gini	35	0.25	2	2000	{'criterion': 'gini', 'max_depth': 35, 'max_features': 0.25, 'min_samples_split': 2, 'n_estimators': 2000}	1.0	1.0	1.0	1.0	1.0	1.0	1.0	1.0	1.0	1.0	1.0	0.0	1	1.0	1.0	1.0	1.0	1.0	1.0	1.0	1.0	1.0	1.0	1.0	0.0	3
36	1.3660474061965941	0.06671689483396676	0.046612668037414554	0.008208681101312794	gini	10		3	1700	{'criterion': 'gini', 'max_depth': 10, 'max_features': None, 'min_samples_split': 3, 'n_estimators': 1700}	1.0	1.0	1.0	1.0	1.0	1.0	1.0	1.0	1.0	1.0	1.0	0.0	1	1.0	1.0	1.0	1.0	1.0	1.0	1.0	1.0	1.0	1.0	1.0	0.0	3
37	1.4785283565521241	0.02863387191656953	0.05522994995117188	0.010558746488052417	gini	10		3	1850	{'criterion': 'gini', 'max_depth': 10, 'max_features': None, 'min_samples_split': 3, 'n_estimators': 1850}	1.0	1.0	1.0	1.0	1.0	1.0	1.0	1.0	1.0	1.0	1.0	0.0	1	1.0	1.0	1.0	1.0	1.0	1.0	1.0	1.0	1.0	1.0	1.0	0.0	3
38	1.6327136993408202	0.06291380611657106	0.053333163261413574	0.009691467250458274	gini	10		3	2000	{'criterion': 'gini', 'max_depth': 10, 'max_features': None, 'min_samples_split': 3, 'n_estimators': 2000}	1.0	1.0	1.0	1.0	1.0	1.0	1.0	1.0	1.0	1.0	1.0	0.0	1	1.0	1.0	1.0	1.0	1.0	1.0	1.0	1.0	1.0	1.0	1.0	0.0	3
39	1.408370804786682	0.0493378931225106	0.04797759056091309	0.00695588660640352	gini	10		2	1700	{'criterion': 'gini', 'max_depth': 10, 'max_features': None, 'min_samples_split': 2, 'n_estimators': 1700}	1.0	1.0	1.0	1.0	1.0	1.0	1.0	1.0	1.0	1.0	1.0	0.0	1	1.0	1.0	1.0	1.0	1.0	1.0	1.0	1.0	1.0	1.0	1.0	0.0	3
40	1.518922257423401	0.08097062597097211	0.04968736171722412	0.006567712380464352	gini	10		2	1850	{'criterion': 'gini', 'max_depth': 10, 'max_features': None, 'min_samples_split': 2, 'n_estimators': 1850}	1.0	1.0	1.0	1.0	1.0	1.0	1.0	1.0	1.0	1.0	1.0	0.0	1	1.0	1.0	1.0	1.0	1.0	1.0	1.0	1.0	1.0	1.0	1.0	0.0	3
41	1.6012867450714112	0.06674927824448575	0.058542847633361816	0.014488714219247616	gini	10		2	2000	{'criterion': 'gini', 'max_depth': 10, 'max_features': None, 'min_samples_split': 2, 'n_estimators': 2000}	1.0	1.0	1.0	1.0	1.0	1.0	1.0	1.0	1.0	1.0	1.0	0.0	1	1.0	1.0	1.0	1.0	1.0	1.0	1.0	1.0	1.0	1.0	1.0	0.0	3
42	1.3487381219863892	0.04419950036255595	0.04878900051116943	0.007102513051906253	gini	10		2	1700	{'criterion': 'gini', 'max_depth': 10, 'max_features': None, 'min_samples_split': 2, 'n_estimators': 1700}	1.0	1.0	1.0	1.0	1.0	1.0	1.0	1.0	1.0	1.0	1.0	0.0	1	1.0	1.0	1.0	1.0	1.0	1.0	1.0	1.0	1.0	1.0	1.0	0.0	3
43	1.5305304050445556	0.05767267545144235	0.050070762634277344	0.007005140837976679	gini	10		2	1850	{'criterion': 'gini', 'max_depth': 10, 'max_features': None, 'min_samples_split': 2, 'n_estimators': 1850}	1.0	1.0	1.0	1.0	1.0	1.0	1.0	1.0	1.0	1.0	1.0	0.0	1	1.0	1.0	1.0	1.0	1.0	1.0	1.0	1.0	1.0	1.0	1.0	0.0	3
44	1.7003356218338013	0.08934142263543497	0.0583667516708374	0.010944925736292462	gini	10		2	2000	{'criterion': 'gini', 'max_depth': 10, 'max_features': None, 'min_samples_split': 2, 'n_estimators': 2000}	1.0	1.0	1.0	1.0	1.0	1.0	1.0	1.0	1.0	1.0	1.0	0.0	1	1.0	1.0	1.0	1.0	1.0	1.0	1.0	1.0	1.0	1.0	1.0	0.0	3
45	1.390955638885498	0.05778591592859468	0.050106382369995116	0.008693442427040808	gini	10	0.25	3	1700	{'criterion': 'gini', 'max_depth': 10, 'max_features': 0.25, 'min_samples_split': 3, 'n_estimators': 1700}	1.0	1.0	1.0	1.0	1.0	1.0	1.0	1.0	1.0	1.0	1.0	0.0	1	1.0	1.0	1.0	1.0	1.0	1.0	1.0	1.0	1.0	1.0	1.0	0.0	3
46	1.5396213293075562	0.06609593039381083	0.0518477201461792	0.00712310282161473	gini	10	0.25	3	1850	{'criterion': 'gini', 'max_depth': 10, 'max_features': 0.25, 'min_samples_split': 3, 'n_estimators': 1850}	1.0	1.0	1.0	1.0	1.0	1.0	1.0	1.0	1.0	1.0	1.0	0.0	1	1.0	1.0	1.0	1.0	1.0	1.0	1.0	1.0	1.0	1.0	1.0	0.0	3
47	1.6290629148483275	0.05452895147690228	0.05597403049468994	0.007225509551045083	gini	10	0.25	3	2000	{'criterion': 'gini', 'max_depth': 10, 'max_features': 0.25, 'min_samples_split': 3, 'n_estimators': 2000}	1.0	1.0	1.0	1.0	1.0	1.0	1.0	1.0	1.0	1.0	1.0	0.0	1	1.0	1.0	1.0	1.0	1.0	1.0	1.0	1.0	1.0	1.0	1.0	0.0	3
48	1.3796212196350097	0.08247060674460914	0.04884583950042724	0.008189268714858592	gini	10	0.25	2	1700	{'criterion': 'gini', 'max_depth': 10, 'max_features': 0.25, 'min_samples_split': 2, 'n_estimators': 1700}	1.0	1.0	1.0	1.0	1.0	1.0	1.0	1.0	1.0	1.0	1.0	0.0	1	1.0	1.0	1.0	1.0	1.0	1.0	1.0	1.0	1.0	1.0	1.0	0.0	3
49	1.4436527490615845	0.04532519259127521	0.05072379112243652	0.006531506184287915	gini	10	0.25	2	1850	{'criterion': 'gini', 'max_depth': 10, 'max_features': 0.25, 'min_samples_split': 2, 'n_estimators': 1850}	1.0	1.0	1.0	1.0	1.0	1.0	1.0	1.0	1.0	1.0	1.0	0.0	1	1.0	1.0	1.0	1.0	1.0	1.0	1.0	1.0	1.0	1.0	1.0	0.0	3
50	1.57880597114563	0.050872078357894035	0.05586881637573242	0.005041603485748962	gini	10	0.25	2	2000	{'criterion': 'gini', 'max_depth': 10, 'max_features': 0.25, 'min_samples_split': 2, 'n_estimators': 2000}	1.0	1.0	1.0	1.0	1.0	1.0	1.0	1.0	1.0	1.0	1.0	0.0	1	1.0	1.0	1.0	1.0	1.0	1.0	1.0	1.0	1.0	1.0	1.0	0.0	3
51	1.396925187110901	0.03555304534958045	0.047890853881835935	0.0075686486621468485	gini	10	0.25	2	1700	{'criterion': 'gini', 'max_depth': 10, 'max_features': 0.25, 'min_samples_split': 2, 'n_estimators': 1700}	1.0	1.0	1.0	1.0	1.0	1.0	1.0	1.0	1.0	1.0	1.0	0.0	1	1.0	1.0	1.0	1.0	1.0	1.0	1.0	1.0	1.0	1.0	1.0	0.0	3
52	1.4690746068954468	0.04587403736650131	0.053827643394470215	0.0052117383627410694	gini	10	0.25	2	1850	{'criterion': 'gini', 'max_depth': 10, 'max_features': 0.25, 'min_samples_split': 2, 'n_estimators': 1850}	1.0	1.0	1.0	1.0	1.0	1.0	1.0	1.0	1.0	1.0	1.0	0.0	1	1.0	1.0	1.0	1.0	1.0	1.0	1.0	1.0	1.0	1.0	1.0	0.0	3
53	1.5122535943984985	0.09831749636937254	0.05052802562713623	0.011901470074279788	gini	10	0.25	2	2000	{'criterion': 'gini', 'max_depth': 10, 'max_features': 0.25, 'min_samples_split': 2, 'n_estimators': 2000}	1.0	1.0	1.0	1.0	1.0	1.0	1.0	1.0	1.0	1.0	1.0	0.0	1	1.0	1.0	1.0	1.0	1.0	1.0	1.0	1.0	1.0	1.0	1.0	0.0	3
